LabVIEW Measurement	
Writer_Version	2
Reader_Version	2
Separator	Tab
Decimal_Separator	.
Multi_Headings	No
X_Columns	One
Time_Pref	Relative
Operator	Mau
Date	2023/05/22
Time	03:14:43.3764882087707519531
***End_of_Header***	
	
Channels	7							
Samples	1	1	1	1	1	1	1	
Date	1903/12/31	1903/12/31	1903/12/31	1903/12/31	1903/12/31	1903/12/31	1903/12/31	
Time	18:00:00	18:00:00	18:00:00	18:00:00	18:00:00	18:00:00	18:00:00	
Y_Unit_Label	[RPM]	[Ohm]	[RPM]	[Ohm]	[W]	[V]	[A]	
X_Dimension	Time	Time	Time	Time	Time	Time	Time	
X0	0.0000000000000000E+0	0.0000000000000000E+0	0.0000000000000000E+0	0.0000000000000000E+0	0.0000000000000000E+0	0.0000000000000000E+0	0.0000000000000000E+0	
Delta_X	1.000000	1.000000	1.000000	1.000000	1.000000	1.000000	1.000000	
***End_of_Header***								
X_Value	Omega Nominal	R de carga	Omega medido	R calculado	Potencia Medida	Voltaje Medido	Corriente Medida	Comment
0.000000	2500.000000	5000.000000	2110.833333	-1.339136	-0.000825	0.033233	-0.024816
0.000000	2500.000000	5000.000000	2110.833333	-1.433075	-0.000882	0.035543	-0.024802
0.000000	2500.000000	5000.000000	2110.833333	-1.433075	-0.000882	0.035543	-0.024802
0.000000	2500.000000	5000.000000	2110.833333	-1.536409	-0.000944	0.038077	-0.024783
0.000000	2500.000000	5000.000000	2110.833333	-1.551032	-0.000952	0.038436	-0.024781
0.000000	2500.000000	5000.000000	2110.833333	-1.578821	-0.000969	0.039116	-0.024776
0.000000	2500.000000	5000.000000	2110.833333	-1.503855	-0.000924	0.037272	-0.024784
0.000000	2500.000000	5000.000000	2110.833333	-1.612504	-0.000989	0.039943	-0.024771
0.000000	2500.000000	5000.000000	2110.833333	-1.626513	-0.000998	0.040286	-0.024768
0.000000	2500.000000	5000.000000	2110.833333	-1.692158	-0.001037	0.041898	-0.024760
0.000000	2500.000000	5000.000000	2110.833333	-1.700698	-0.001042	0.042107	-0.024759
0.000000	2500.000000	5000.000000	2110.833333	-1.709269	-0.001048	0.042317	-0.024757
0.000000	2500.000000	5000.000000	2110.833333	-1.717664	-0.001053	0.042523	-0.024757
0.000000	2500.000000	5000.000000	2110.833333	-1.780455	-0.001090	0.044061	-0.024747
0.000000	2500.000000	5000.000000	2110.833333	-1.782462	-0.001092	0.044111	-0.024747
0.000000	2500.000000	5000.000000	2110.833333	-1.784561	-0.001093	0.044160	-0.024746
0.000000	2500.000000	5000.000000	2110.833333	-1.784595	-0.001093	0.044160	-0.024745
0.000000	2500.000000	5000.000000	2110.833333	-1.816989	-0.001112	0.044950	-0.024739
0.000000	2500.000000	5000.000000	2110.833333	-1.819003	-0.001113	0.045000	-0.024739
0.000000	2500.000000	5000.000000	2110.833333	-1.851213	-0.001132	0.045775	-0.024727
0.000000	2500.000000	5000.000000	2110.833333	-1.737575	-0.001064	0.042991	-0.024742
0.000000	2500.000000	5000.000000	2110.833333	-1.799539	-0.001101	0.044512	-0.024735
0.000000	2500.000000	5000.000000	2110.833333	-1.896095	-0.001159	0.046879	-0.024724
0.000000	2500.000000	5000.000000	2110.833333	-1.903963	-0.001163	0.047066	-0.024720
0.000000	2500.000000	5000.000000	2110.833333	-1.983051	-0.001211	0.049002	-0.024711
0.000000	2500.000000	5000.000000	2110.833333	-1.983518	-0.001211	0.049014	-0.024710
0.000000	2500.000000	5000.000000	2110.833333	-2.048556	-0.001250	0.050605	-0.024703
0.000000	2500.000000	5000.000000	2110.833333	-2.122972	-0.001294	0.052415	-0.024689
0.000000	2500.000000	5000.000000	2110.833333	-2.122937	-0.001294	0.052415	-0.024690
0.000000	2500.000000	5000.000000	2110.833333	-2.194934	-0.001337	0.054165	-0.024677
0.000000	2500.000000	5000.000000	2110.833333	-2.209821	-0.001346	0.054529	-0.024676
0.000000	2500.000000	5000.000000	2110.833333	-2.268504	-0.001381	0.055963	-0.024670
0.000000	2500.000000	5000.000000	2110.833333	-2.282849	-0.001389	0.056316	-0.024669
0.000000	2500.000000	5000.000000	2110.833333	-2.276418	-0.001385	0.056158	-0.024670
0.000000	2500.000000	5000.000000	2110.833333	-2.276418	-0.001385	0.056158	-0.024670
0.000000	2500.000000	5000.000000	2110.833333	-2.291036	-0.001394	0.056510	-0.024666
0.000000	2500.000000	5000.000000	2110.833333	-2.291036	-0.001394	0.056510	-0.024666
0.000000	2500.000000	5000.000000	2110.833333	-2.323428	-0.001413	0.057293	-0.024659
0.000000	2500.000000	5000.000000	2110.833333	-2.348775	-0.001428	0.057906	-0.024654
0.000000	2500.000000	5000.000000	2110.833333	-2.404194	-0.001461	0.059259	-0.024648
0.000000	2500.000000	5000.000000	2110.833333	-2.468330	-0.001498	0.060812	-0.024637
0.000000	2500.000000	5000.000000	2110.833333	-2.477614	-0.001504	0.061037	-0.024636
0.000000	2500.000000	5000.000000	2110.833333	-2.549389	-0.001546	0.062784	-0.024627
0.000000	2500.000000	5000.000000	2110.833333	-2.555121	-0.001550	0.062924	-0.024627
0.000000	2500.000000	5000.000000	2110.833333	-2.558373	-0.001552	0.063003	-0.024626
0.000000	2500.000000	5000.000000	2110.833333	-2.559816	-0.001552	0.063038	-0.024626
0.000000	2500.000000	5000.000000	2110.833333	-2.563177	-0.001554	0.063116	-0.024624
0.000000	2500.000000	5000.000000	2110.833333	-2.566352	-0.001556	0.063194	-0.024624
0.000000	2500.000000	5000.000000	2110.833333	-2.595093	-0.001573	0.063887	-0.024618
0.000000	2500.000000	5000.000000	2110.833333	-2.630934	-0.001593	0.064745	-0.024609
0.000000	2500.000000	5000.000000	2110.833333	-2.639672	-0.001598	0.064957	-0.024608
0.000000	2500.000000	5000.000000	2110.833333	-2.646061	-0.001602	0.065103	-0.024604
0.000000	2500.000000	5000.000000	2110.833333	-2.654712	-0.001607	0.065314	-0.024603
0.000000	2500.000000	5000.000000	2110.833333	-2.696692	-0.001631	0.066328	-0.024596
0.000000	2500.000000	5000.000000	2110.833333	-2.702128	-0.001635	0.066461	-0.024596
0.000000	2500.000000	5000.000000	2110.833333	-2.705238	-0.001636	0.066536	-0.024595
0.000000	2500.000000	5000.000000	2110.833333	-2.753873	-0.001665	0.067716	-0.024589
0.000000	2500.000000	5000.000000	2110.833333	-2.754198	-0.001665	0.067724	-0.024589
0.000000	2500.000000	5000.000000	2110.833333	-2.754523	-0.001665	0.067732	-0.024589
0.000000	2500.000000	5000.000000	2110.833333	-2.770785	-0.001675	0.068129	-0.024588
0.000000	2500.000000	5000.000000	2110.833333	-2.772104	-0.001676	0.068161	-0.024588
0.000000	2500.000000	5000.000000	2110.833333	-2.788753	-0.001685	0.068557	-0.024583
0.000000	2500.000000	5000.000000	2110.833333	-2.794047	-0.001688	0.068685	-0.024582
0.000000	2500.000000	5000.000000	2110.833333	-2.841364	-0.001716	0.069832	-0.024577
0.000000	2500.000000	5000.000000	2110.833333	-2.844296	-0.001718	0.069903	-0.024576
0.000000	2500.000000	5000.000000	2110.833333	-2.885667	-0.001742	0.070903	-0.024571
0.000000	2500.000000	5000.000000	2110.833333	-2.939808	-0.001774	0.072207	-0.024562
0.000000	2500.000000	5000.000000	2110.833333	-2.955092	-0.001783	0.072579	-0.024561
0.000000	2500.000000	5000.000000	2110.833333	-2.999891	-0.001809	0.073665	-0.024556
0.000000	2500.000000	5000.000000	2110.833333	-3.002631	-0.001811	0.073732	-0.024556
0.000000	2500.000000	5000.000000	2110.833333	-3.002975	-0.001811	0.073740	-0.024556
0.000000	2500.000000	5000.000000	2110.833333	-3.003054	-0.001811	0.073740	-0.024555
0.000000	2500.000000	5000.000000	2110.833333	-3.005811	-0.001812	0.073808	-0.024555
0.000000	2500.000000	5000.000000	2110.833333	-3.021016	-0.001821	0.074172	-0.024552
0.000000	2500.000000	5000.000000	2110.833333	-3.021016	-0.001821	0.074172	-0.024552
0.000000	2500.000000	5000.000000	2110.833333	-3.064865	-0.001847	0.075232	-0.024547
0.000000	2500.000000	5000.000000	2110.833333	-3.115934	-0.001876	0.076462	-0.024539
0.000000	2500.000000	5000.000000	2110.833333	-3.118778	-0.001878	0.076527	-0.024538
0.000000	2500.000000	5000.000000	2110.833333	-3.154889	-0.001899	0.077395	-0.024532
0.000000	2500.000000	5000.000000	2110.833333	-3.127126	-0.001882	0.076716	-0.024532
0.000000	2500.000000	5000.000000	2110.833333	-3.146227	-0.001893	0.077175	-0.024530
0.000000	2500.000000	5000.000000	2110.833333	-3.188551	-0.001918	0.078195	-0.024524
0.000000	2500.000000	5000.000000	2110.833333	-3.189745	-0.001918	0.078224	-0.024524
0.000000	2500.000000	5000.000000	2110.833333	-3.194502	-0.001921	0.078336	-0.024522
0.000000	2500.000000	5000.000000	2110.833333	-3.201784	-0.001925	0.078512	-0.024521
0.000000	2500.000000	5000.000000	2110.833333	-3.200264	-0.001924	0.078477	-0.024522
0.000000	2500.000000	5000.000000	2110.833333	-3.204577	-0.001927	0.078582	-0.024522
0.000000	2500.000000	5000.000000	2110.833333	-3.205764	-0.001928	0.078610	-0.024522
0.000000	2500.000000	5000.000000	2110.833333	-3.212973	-0.001932	0.078785	-0.024521
0.000000	2500.000000	5000.000000	2110.833333	-3.254396	-0.001956	0.079787	-0.024517
0.000000	2500.000000	5000.000000	2110.833333	-3.220130	-0.001936	0.078962	-0.024521
0.000000	2500.000000	5000.000000	2110.833333	-3.254748	-0.001957	0.079803	-0.024519
0.000000	2500.000000	5000.000000	2110.833333	-3.257302	-0.001958	0.079865	-0.024519
0.000000	2500.000000	5000.000000	2110.833333	-3.258660	-0.001959	0.079892	-0.024517
0.000000	2500.000000	5000.000000	2110.833333	-3.245959	-0.001951	0.079582	-0.024517
0.000000	2500.000000	5000.000000	2110.833333	-3.286963	-0.001975	0.080572	-0.024513
0.000000	2500.000000	5000.000000	2110.833333	-3.328057	-0.001998	0.081552	-0.024504
0.000000	2500.000000	5000.000000	2110.833333	-3.332463	-0.002001	0.081660	-0.024504
0.000000	2500.000000	5000.000000	2110.833333	-3.333615	-0.002002	0.081686	-0.024504
0.000000	2500.000000	5000.000000	2110.833333	-3.306663	-0.001986	0.081037	-0.024507
0.000000	2500.000000	5000.000000	2110.833333	-3.344551	-0.002008	0.081948	-0.024502
0.000000	2500.000000	5000.000000	2110.833333	-3.308765	-0.001987	0.081082	-0.024505
0.000000	2500.000000	5000.000000	2110.833333	-3.315728	-0.001991	0.081251	-0.024505
0.000000	2500.000000	5000.000000	2110.833333	-3.285562	-0.001974	0.080535	-0.024512
0.000000	2500.000000	5000.000000	2110.833333	-3.292918	-0.001978	0.080701	-0.024507
0.000000	2500.000000	5000.000000	2110.833333	-3.297521	-0.001980	0.080803	-0.024504
0.000000	2500.000000	5000.000000	2110.833333	-3.297729	-0.001980	0.080804	-0.024503
0.000000	2500.000000	5000.000000	2110.833333	-3.246456	-0.001950	0.079565	-0.024508
0.000000	2500.000000	5000.000000	2110.833333	-3.274323	-0.001966	0.080229	-0.024502
0.000000	2500.000000	5000.000000	2110.833333	-3.239953	-0.001946	0.079399	-0.024506
0.000000	2500.000000	5000.000000	2110.833333	-3.249802	-0.001951	0.079627	-0.024502
0.000000	2500.000000	5000.000000	2110.833333	-3.248094	-0.001950	0.079579	-0.024500
0.000000	2500.000000	5000.000000	2110.833333	-3.253831	-0.001953	0.079717	-0.024499
0.000000	2500.000000	5000.000000	2110.833333	-3.275253	-0.001966	0.080236	-0.024498
0.000000	2500.000000	5000.000000	2110.833333	-3.281176	-0.001969	0.080380	-0.024497
0.000000	2500.000000	5000.000000	2110.833333	-3.308249	-0.001985	0.081035	-0.024495
0.000000	2500.000000	5000.000000	2110.833333	-3.308220	-0.001985	0.081035	-0.024495
0.000000	2500.000000	5000.000000	2110.833333	-3.318573	-0.001991	0.081279	-0.024492
0.000000	2500.000000	5000.000000	2110.833333	-3.331384	-0.001998	0.081584	-0.024490
0.000000	2500.000000	5000.000000	2110.833333	-3.319856	-0.001992	0.081321	-0.024495
0.000000	2500.000000	5000.000000	2110.833333	-3.322122	-0.001993	0.081375	-0.024495
0.000000	2500.000000	5000.000000	2110.833333	-3.289220	-0.001974	0.080580	-0.024498
0.000000	2500.000000	5000.000000	2110.833333	-3.267987	-0.001961	0.080062	-0.024499
0.000000	2500.000000	5000.000000	2110.833333	-3.263491	-0.001959	0.079959	-0.024501
0.000000	2500.000000	5000.000000	2110.833333	-3.229005	-0.001939	0.079129	-0.024506
0.000000	2500.000000	5000.000000	2110.833333	-3.257142	-0.001956	0.079814	-0.024504
0.000000	2500.000000	5000.000000	2110.833333	-3.216975	-0.001932	0.078843	-0.024508
0.000000	2500.000000	5000.000000	2110.833333	-3.169913	-0.001905	0.077715	-0.024516
0.000000	2500.000000	5000.000000	2110.833333	-3.159744	-0.001899	0.077467	-0.024517
0.000000	2500.000000	5000.000000	2110.833333	-3.145322	-0.001891	0.077122	-0.024520
0.000000	2500.000000	5000.000000	2110.833333	-3.153940	-0.001896	0.077323	-0.024516
0.000000	2500.000000	5000.000000	2110.833333	-3.116117	-0.001873	0.076407	-0.024520
0.000000	2500.000000	5000.000000	2110.833333	-3.110313	-0.001870	0.076264	-0.024520
0.000000	2500.000000	5000.000000	2110.833333	-3.107916	-0.001869	0.076205	-0.024520
0.000000	2500.000000	5000.000000	2110.833333	-3.150756	-0.001893	0.077238	-0.024514
0.000000	2500.000000	5000.000000	2110.833333	-3.141138	-0.001888	0.077010	-0.024517
0.000000	2500.000000	5000.000000	2110.833333	-3.159902	-0.001899	0.077466	-0.024515
0.000000	2500.000000	5000.000000	2110.833333	-3.178557	-0.001910	0.077915	-0.024513
0.000000	2500.000000	5000.000000	2110.833333	-3.162163	-0.001901	0.077524	-0.024516
0.000000	2500.000000	5000.000000	2110.833333	-3.120887	-0.001876	0.076524	-0.024520
0.000000	2500.000000	5000.000000	2110.833333	-3.113092	-0.001872	0.076344	-0.024523
0.000000	2500.000000	5000.000000	2110.833333	-3.105942	-0.001868	0.076171	-0.024524
0.000000	2500.000000	5000.000000	2110.833333	-3.090225	-0.001859	0.075791	-0.024526
0.000000	2500.000000	5000.000000	2110.833333	-3.086769	-0.001857	0.075704	-0.024525
0.000000	2500.000000	5000.000000	2110.833333	-3.086720	-0.001857	0.075703	-0.024525
0.000000	2500.000000	5000.000000	2110.833333	-3.088431	-0.001857	0.075740	-0.024524
0.000000	2500.000000	5000.000000	2110.833333	-3.088253	-0.001858	0.075740	-0.024525
0.000000	2500.000000	5000.000000	2110.833333	-3.085885	-0.001856	0.075682	-0.024525
0.000000	2500.000000	5000.000000	2110.833333	-3.068578	-0.001847	0.075274	-0.024531
0.000000	2500.000000	5000.000000	2110.833333	-3.067827	-0.001847	0.075271	-0.024536
0.000000	2500.000000	5000.000000	2110.833333	-3.103500	-0.001868	0.076137	-0.024533
0.000000	2500.000000	5000.000000	2110.833333	-3.129242	-0.001883	0.076768	-0.024533
0.000000	2500.000000	5000.000000	2110.833333	-3.132495	-0.001885	0.076847	-0.024532
0.000000	2500.000000	5000.000000	2110.833333	-3.103550	-0.001869	0.076154	-0.024538
0.000000	2500.000000	5000.000000	2110.833333	-3.099092	-0.001866	0.076046	-0.024538
0.000000	2500.000000	5000.000000	2110.833333	-3.099001	-0.001866	0.076045	-0.024539
0.000000	2500.000000	5000.000000	2110.833333	-3.056891	-0.001841	0.075025	-0.024543
0.000000	2500.000000	5000.000000	2110.833333	-3.061587	-0.001844	0.075135	-0.024541
0.000000	2500.000000	5000.000000	2110.833333	-3.061591	-0.001844	0.075135	-0.024541
0.000000	2500.000000	5000.000000	2110.833333	-3.061769	-0.001844	0.075137	-0.024540
0.000000	2500.000000	5000.000000	2110.833333	-3.061101	-0.001843	0.075115	-0.024539
0.000000	2500.000000	5000.000000	2110.833333	-3.047115	-0.001835	0.074784	-0.024543
0.000000	2500.000000	5000.000000	2110.833333	-3.047156	-0.001835	0.074784	-0.024542
0.000000	2500.000000	5000.000000	2110.833333	-3.017950	-0.001818	0.074078	-0.024546
0.000000	2500.000000	5000.000000	2110.833333	-3.034875	-0.001828	0.074488	-0.024544
0.000000	2500.000000	5000.000000	2110.833333	-3.001507	-0.001809	0.073685	-0.024549
0.000000	2500.000000	5000.000000	2110.833333	-2.951295	-0.001780	0.072477	-0.024558
0.000000	2500.000000	5000.000000	2110.833333	-2.939107	-0.001772	0.072174	-0.024556
0.000000	2500.000000	5000.000000	2110.833333	-2.896307	-0.001747	0.071133	-0.024560
0.000000	2500.000000	5000.000000	2110.833333	-2.901456	-0.001750	0.071257	-0.024559
0.000000	2500.000000	5000.000000	2110.833333	-2.901438	-0.001750	0.071257	-0.024559
0.000000	2500.000000	5000.000000	2110.833333	-2.931956	-0.001768	0.071998	-0.024556
0.000000	2500.000000	5000.000000	2110.833333	-2.929129	-0.001766	0.071928	-0.024556
0.000000	2500.000000	5000.000000	2110.833333	-2.913823	-0.001757	0.071561	-0.024559
0.000000	2500.000000	5000.000000	2110.833333	-2.934401	-0.001769	0.072053	-0.024555
0.000000	2500.000000	5000.000000	2110.833333	-2.891609	-0.001744	0.071014	-0.024559
0.000000	2500.000000	5000.000000	2110.833333	-2.848391	-0.001719	0.069974	-0.024566
0.000000	2500.000000	5000.000000	2110.833333	-2.845321	-0.001717	0.069902	-0.024567
0.000000	2500.000000	5000.000000	2110.833333	-2.817189	-0.001701	0.069227	-0.024573
0.000000	2500.000000	5000.000000	2110.833333	-2.864834	-0.001730	0.070390	-0.024570
0.000000	2500.000000	5000.000000	2110.833333	-2.844300	-0.001718	0.069894	-0.024573
0.000000	2500.000000	5000.000000	2110.833333	-2.809190	-0.001697	0.069038	-0.024576
0.000000	2500.000000	5000.000000	2110.833333	-2.820003	-0.001703	0.069293	-0.024572
0.000000	2500.000000	5000.000000	2110.833333	-2.826513	-0.001707	0.069452	-0.024572
0.000000	2500.000000	5000.000000	2110.833333	-2.821297	-0.001703	0.069325	-0.024572
0.000000	2500.000000	5000.000000	2110.833333	-2.820347	-0.001703	0.069301	-0.024572
0.000000	2500.000000	5000.000000	2110.833333	-2.861996	-0.001727	0.070310	-0.024567
0.000000	2500.000000	5000.000000	2110.833333	-2.907294	-0.001754	0.071401	-0.024559
0.000000	2500.000000	5000.000000	2110.833333	-2.900626	-0.001750	0.071239	-0.024560
0.000000	2500.000000	5000.000000	2110.833333	-2.886451	-0.001741	0.070895	-0.024561
0.000000	2500.000000	5000.000000	2110.833333	-2.881530	-0.001738	0.070771	-0.024560
0.000000	2500.000000	5000.000000	2110.833333	-2.850639	-0.001720	0.070018	-0.024562
0.000000	2500.000000	5000.000000	2110.833333	-2.852946	-0.001721	0.070074	-0.024562
0.000000	2500.000000	5000.000000	2110.833333	-2.852715	-0.001721	0.070074	-0.024564
0.000000	2500.000000	5000.000000	2110.833333	-2.883634	-0.001739	0.070823	-0.024560
0.000000	2500.000000	5000.000000	2110.833333	-2.869782	-0.001731	0.070483	-0.024560
0.000000	2500.000000	5000.000000	2110.833333	-2.827612	-0.001707	0.069473	-0.024569
0.000000	2500.000000	5000.000000	2110.833333	-2.822782	-0.001704	0.069354	-0.024569
0.000000	2500.000000	5000.000000	2110.833333	-2.822750	-0.001704	0.069355	-0.024570
0.000000	2500.000000	5000.000000	2110.833333	-2.833149	-0.001710	0.069608	-0.024569
0.000000	2500.000000	5000.000000	2110.833333	-2.794156	-0.001687	0.068662	-0.024573
0.000000	2500.000000	5000.000000	2110.833333	-2.788608	-0.001684	0.068533	-0.024576
0.000000	2500.000000	5000.000000	2110.833333	-2.792585	-0.001686	0.068621	-0.024573
0.000000	2500.000000	5000.000000	2110.833333	-2.771781	-0.001674	0.068112	-0.024573
0.000000	2500.000000	5000.000000	2110.833333	-2.757897	-0.001666	0.067786	-0.024579
0.000000	2500.000000	5000.000000	2110.833333	-2.736329	-0.001654	0.067273	-0.024585
0.000000	2500.000000	5000.000000	2110.833333	-2.739164	-0.001656	0.067347	-0.024587
0.000000	2500.000000	5000.000000	2110.833333	-2.733728	-0.001653	0.067217	-0.024588
0.000000	2500.000000	5000.000000	2110.833333	-2.697486	-0.001632	0.066348	-0.024596
0.000000	2500.000000	5000.000000	2110.833333	-2.705824	-0.001637	0.066547	-0.024594
0.000000	2500.000000	5000.000000	2110.833333	-2.690062	-0.001628	0.066174	-0.024599
0.000000	2500.000000	5000.000000	2110.833333	-2.735659	-0.001655	0.067286	-0.024596
0.000000	2500.000000	5000.000000	2110.833333	-2.757486	-0.001668	0.067811	-0.024592
0.000000	2500.000000	5000.000000	2110.833333	-2.718873	-0.001644	0.066867	-0.024593
0.000000	2500.000000	5000.000000	2110.833333	-2.715895	-0.001643	0.066792	-0.024593
0.000000	2500.000000	5000.000000	2110.833333	-2.723205	-0.001647	0.066965	-0.024591
0.000000	2500.000000	5000.000000	2110.833333	-2.724555	-0.001648	0.066999	-0.024591
0.000000	2500.000000	5000.000000	2110.833333	-2.739252	-0.001657	0.067363	-0.024592
0.000000	2500.000000	5000.000000	2110.833333	-2.730904	-0.001652	0.067164	-0.024594
0.000000	2500.000000	5000.000000	2110.833333	-2.725547	-0.001649	0.067033	-0.024594
0.000000	2500.000000	5000.000000	2110.833333	-2.722463	-0.001647	0.066959	-0.024595
0.000000	2500.000000	5000.000000	2110.833333	-2.733183	-0.001653	0.067221	-0.024594
0.000000	2500.000000	5000.000000	2110.833333	-2.713674	-0.001642	0.066755	-0.024599
0.000000	2500.000000	5000.000000	2110.833333	-2.714671	-0.001643	0.066779	-0.024599
0.000000	2500.000000	5000.000000	2110.833333	-2.755209	-0.001667	0.067762	-0.024594
0.000000	2500.000000	5000.000000	2110.833333	-2.723470	-0.001647	0.066978	-0.024593
0.000000	2500.000000	5000.000000	2110.833333	-2.723381	-0.001647	0.066978	-0.024594
0.000000	2500.000000	5000.000000	2110.833333	-2.777190	-0.001679	0.068283	-0.024587
0.000000	2500.000000	5000.000000	2110.833333	-2.778198	-0.001679	0.068307	-0.024587
0.000000	2500.000000	5000.000000	2110.833333	-2.739162	-0.001656	0.067358	-0.024591
0.000000	2500.000000	5000.000000	2110.833333	-2.717200	-0.001644	0.066831	-0.024596
0.000000	2500.000000	5000.000000	2110.833333	-2.760381	-0.001669	0.067877	-0.024590
0.000000	2500.000000	5000.000000	2110.833333	-2.803129	-0.001694	0.068910	-0.024583
0.000000	2500.000000	5000.000000	2110.833333	-2.804099	-0.001695	0.068934	-0.024583
0.000000	2500.000000	5000.000000	2110.833333	-2.759236	-0.001668	0.067848	-0.024589
0.000000	2500.000000	5000.000000	2110.833333	-2.758198	-0.001668	0.067823	-0.024590
0.000000	2500.000000	5000.000000	2110.833333	-2.737185	-0.001655	0.067310	-0.024591
0.000000	2500.000000	5000.000000	2110.833333	-2.754124	-0.001666	0.067735	-0.024594
0.000000	2500.000000	5000.000000	2110.833333	-2.756479	-0.001667	0.067792	-0.024594
0.000000	2500.000000	5000.000000	2110.833333	-2.776457	-0.001679	0.068277	-0.024591
0.000000	2500.000000	5000.000000	2110.833333	-2.740072	-0.001658	0.067397	-0.024597
0.000000	2500.000000	5000.000000	2110.833333	-2.742699	-0.001659	0.067462	-0.024597
0.000000	2500.000000	5000.000000	2110.833333	-2.694244	-0.001631	0.066285	-0.024603
0.000000	2500.000000	5000.000000	2110.833333	-2.693122	-0.001630	0.066260	-0.024603
0.000000	2500.000000	5000.000000	2110.833333	-2.731121	-0.001653	0.067184	-0.024599
0.000000	2500.000000	5000.000000	2110.833333	-2.784380	-0.001684	0.068482	-0.024595
0.000000	2500.000000	5000.000000	2110.833333	-2.789844	-0.001687	0.068610	-0.024593
0.000000	2500.000000	5000.000000	2110.833333	-2.789855	-0.001687	0.068610	-0.024593
0.000000	2500.000000	5000.000000	2110.833333	-2.829220	-0.001710	0.069559	-0.024586
0.000000	2500.000000	5000.000000	2110.833333	-2.797875	-0.001692	0.068795	-0.024588
0.000000	2500.000000	5000.000000	2110.833333	-2.755413	-0.001667	0.067765	-0.024593
0.000000	2500.000000	5000.000000	2110.833333	-2.706825	-0.001638	0.066584	-0.024599
0.000000	2500.000000	5000.000000	2110.833333	-2.694600	-0.001631	0.066287	-0.024600
0.000000	2500.000000	5000.000000	2110.833333	-2.707949	-0.001639	0.066612	-0.024599
0.000000	2500.000000	5000.000000	2110.833333	-2.735206	-0.001654	0.067269	-0.024594
0.000000	2500.000000	5000.000000	2110.833333	-2.732224	-0.001653	0.067196	-0.024594
0.000000	2500.000000	5000.000000	2110.833333	-2.747608	-0.001661	0.067563	-0.024590
0.000000	2500.000000	5000.000000	2110.833333	-2.754516	-0.001665	0.067726	-0.024587
0.000000	2500.000000	5000.000000	2110.833333	-2.757181	-0.001667	0.067791	-0.024587
0.000000	2500.000000	5000.000000	2110.833333	-2.788837	-0.001685	0.068560	-0.024584
0.000000	2500.000000	5000.000000	2110.833333	-2.788611	-0.001686	0.068560	-0.024586
0.000000	2500.000000	5000.000000	2110.833333	-2.813686	-0.001701	0.069174	-0.024585
0.000000	2500.000000	5000.000000	2110.833333	-2.809708	-0.001698	0.069079	-0.024586
0.000000	2500.000000	5000.000000	2110.833333	-2.840796	-0.001717	0.069833	-0.024582
0.000000	2500.000000	5000.000000	2110.833333	-2.852340	-0.001724	0.070116	-0.024582
0.000000	2500.000000	5000.000000	2110.833333	-2.843746	-0.001718	0.069904	-0.024582
0.000000	2500.000000	5000.000000	2110.833333	-2.879975	-0.001740	0.070783	-0.024578
0.000000	2500.000000	5000.000000	2110.833333	-2.877111	-0.001738	0.070720	-0.024580
0.000000	2500.000000	5000.000000	2110.833333	-2.900183	-0.001752	0.071278	-0.024577
0.000000	2500.000000	5000.000000	2110.833333	-2.892512	-0.001747	0.071093	-0.024578
0.000000	2500.000000	5000.000000	2110.833333	-2.892179	-0.001747	0.071085	-0.024578
0.000000	2500.000000	5000.000000	2110.833333	-2.907379	-0.001756	0.071456	-0.024577
0.000000	2500.000000	5000.000000	2110.833333	-2.908623	-0.001757	0.071487	-0.024577
0.000000	2500.000000	5000.000000	2110.833333	-2.908593	-0.001757	0.071487	-0.024578
0.000000	2500.000000	5000.000000	2110.833333	-2.888206	-0.001745	0.070998	-0.024582
0.000000	2500.000000	5000.000000	2110.833333	-2.931211	-0.001770	0.072037	-0.024576
0.000000	2500.000000	5000.000000	2110.833333	-2.951549	-0.001782	0.072526	-0.024572
0.000000	2500.000000	5000.000000	2110.833333	-2.952816	-0.001783	0.072557	-0.024572
0.000000	2500.000000	5000.000000	2110.833333	-2.972728	-0.001795	0.073041	-0.024570
0.000000	2500.000000	5000.000000	2110.833333	-2.943200	-0.001777	0.072312	-0.024569
0.000000	2500.000000	5000.000000	2110.833333	-2.954036	-0.001783	0.072578	-0.024569
0.000000	2500.000000	5000.000000	2110.833333	-2.973817	-0.001795	0.073061	-0.024568
0.000000	2500.000000	5000.000000	2110.833333	-2.963480	-0.001789	0.072819	-0.024572
0.000000	2500.000000	5000.000000	2110.833333	-2.983618	-0.001801	0.073301	-0.024568
0.000000	2500.000000	5000.000000	2110.833333	-2.981096	-0.001799	0.073240	-0.024568
0.000000	2500.000000	5000.000000	2110.833333	-3.000665	-0.001811	0.073712	-0.024565
0.000000	2500.000000	5000.000000	2110.833333	-3.001128	-0.001811	0.073715	-0.024562
0.000000	2500.000000	5000.000000	2110.833333	-2.963712	-0.001789	0.072818	-0.024570
0.000000	2500.000000	5000.000000	2110.833333	-2.963753	-0.001789	0.072818	-0.024570
0.000000	2500.000000	5000.000000	2110.833333	-2.937430	-0.001774	0.072180	-0.024573
0.000000	2500.000000	5000.000000	2110.833333	-2.935617	-0.001773	0.072142	-0.024575
0.000000	2500.000000	5000.000000	2110.833333	-2.928088	-0.001768	0.071959	-0.024575
0.000000	2500.000000	5000.000000	2110.833333	-2.975995	-0.001796	0.073119	-0.024569
0.000000	2500.000000	5000.000000	2110.833333	-2.994708	-0.001807	0.073571	-0.024567
0.000000	2500.000000	5000.000000	2110.833333	-2.968648	-0.001792	0.072940	-0.024570
0.000000	2500.000000	5000.000000	2110.833333	-2.982158	-0.001800	0.073272	-0.024570
0.000000	2500.000000	5000.000000	2110.833333	-2.977567	-0.001798	0.073159	-0.024570
0.000000	2500.000000	5000.000000	2110.833333	-2.997083	-0.001809	0.073631	-0.024568
0.000000	2500.000000	5000.000000	2110.833333	-2.996165	-0.001808	0.073608	-0.024567
0.000000	2500.000000	5000.000000	2110.833333	-2.990012	-0.001805	0.073458	-0.024568
0.000000	2500.000000	5000.000000	2110.833333	-2.984926	-0.001802	0.073338	-0.024569
0.000000	2500.000000	5000.000000	2110.833333	-3.015614	-0.001820	0.074084	-0.024567
0.000000	2500.000000	5000.000000	2110.833333	-3.048764	-0.001839	0.074886	-0.024563
0.000000	2500.000000	5000.000000	2110.833333	-3.051119	-0.001841	0.074944	-0.024563
0.000000	2500.000000	5000.000000	2110.833333	-3.049566	-0.001840	0.074908	-0.024563
0.000000	2500.000000	5000.000000	2110.833333	-3.079478	-0.001857	0.075631	-0.024560
0.000000	2500.000000	5000.000000	2110.833333	-3.076654	-0.001856	0.075565	-0.024561
0.000000	2500.000000	5000.000000	2110.833333	-3.079336	-0.001858	0.075631	-0.024561
0.000000	2500.000000	5000.000000	2110.833333	-3.082114	-0.001859	0.075697	-0.024560
0.000000	2500.000000	5000.000000	2110.833333	-3.099195	-0.001869	0.076106	-0.024557
0.000000	2500.000000	5000.000000	2110.833333	-3.148524	-0.001897	0.077293	-0.024549
0.000000	2500.000000	5000.000000	2110.833333	-3.135212	-0.001890	0.076979	-0.024553
0.000000	2500.000000	5000.000000	2110.833333	-3.109904	-0.001876	0.076373	-0.024558
0.000000	2500.000000	5000.000000	2110.833333	-3.086624	-0.001862	0.075817	-0.024563
0.000000	2500.000000	5000.000000	2110.833333	-3.132134	-0.001889	0.076923	-0.024559
0.000000	2500.000000	5000.000000	2110.833333	-3.097170	-0.001869	0.076082	-0.024565
0.000000	2500.000000	5000.000000	2110.833333	-3.096293	-0.001868	0.076060	-0.024565
0.000000	2500.000000	5000.000000	2110.833333	-3.077661	-0.001857	0.075600	-0.024564
0.000000	2500.000000	5000.000000	2110.833333	-3.121113	-0.001882	0.076644	-0.024557
0.000000	2500.000000	5000.000000	2110.833333	-3.125847	-0.001885	0.076759	-0.024556
0.000000	2500.000000	5000.000000	2110.833333	-3.128600	-0.001886	0.076823	-0.024555
0.000000	2500.000000	5000.000000	2110.833333	-3.118347	-0.001880	0.076573	-0.024556
0.000000	2500.000000	5000.000000	2110.833333	-3.142078	-0.001894	0.077144	-0.024552
0.000000	2500.000000	5000.000000	2110.833333	-3.183633	-0.001918	0.078139	-0.024544
0.000000	2500.000000	5000.000000	2110.833333	-3.144555	-0.001895	0.077196	-0.024549
0.000000	2500.000000	5000.000000	2110.833333	-3.157460	-0.001903	0.077518	-0.024551
0.000000	2500.000000	5000.000000	2110.833333	-3.198586	-0.001927	0.078508	-0.024545
0.000000	2500.000000	5000.000000	2110.833333	-3.191197	-0.001923	0.078330	-0.024546
0.000000	2500.000000	5000.000000	2110.833333	-3.225728	-0.001942	0.079150	-0.024537
0.000000	2500.000000	5000.000000	2110.833333	-3.231365	-0.001946	0.079296	-0.024539
0.000000	2500.000000	5000.000000	2110.833333	-3.232570	-0.001947	0.079324	-0.024539
0.000000	2500.000000	5000.000000	2110.833333	-3.191122	-0.001922	0.078325	-0.024545
0.000000	2500.000000	5000.000000	2110.833333	-3.190781	-0.001923	0.078322	-0.024546
0.000000	2500.000000	5000.000000	2110.833333	-3.194710	-0.001924	0.078408	-0.024543
0.000000	2500.000000	5000.000000	2110.833333	-3.196742	-0.001925	0.078456	-0.024542
0.000000	2500.000000	5000.000000	2110.833333	-3.197627	-0.001926	0.078477	-0.024542
0.000000	2500.000000	5000.000000	2110.833333	-3.246272	-0.001954	0.079650	-0.024536
0.000000	2500.000000	5000.000000	2110.833333	-3.218559	-0.001938	0.078980	-0.024539
0.000000	2500.000000	5000.000000	2110.833333	-3.242554	-0.001952	0.079565	-0.024538
0.000000	2500.000000	5000.000000	2110.833333	-3.224443	-0.001942	0.079129	-0.024540
0.000000	2500.000000	5000.000000	2110.833333	-3.262789	-0.001964	0.080049	-0.024534
0.000000	2500.000000	5000.000000	2110.833333	-3.262865	-0.001964	0.080049	-0.024533
0.000000	2500.000000	5000.000000	2110.833333	-3.267130	-0.001966	0.080152	-0.024533
0.000000	2500.000000	5000.000000	2110.833333	-3.271373	-0.001969	0.080256	-0.024533
0.000000	2500.000000	5000.000000	2110.833333	-3.237202	-0.001949	0.079429	-0.024536
0.000000	2500.000000	5000.000000	2110.833333	-3.223408	-0.001941	0.079095	-0.024538
0.000000	2500.000000	5000.000000	2110.833333	-3.264884	-0.001965	0.080094	-0.024532
0.000000	2500.000000	5000.000000	2110.833333	-3.305573	-0.001988	0.081074	-0.024526
0.000000	2500.000000	5000.000000	2110.833333	-3.299084	-0.001985	0.080917	-0.024527
0.000000	2500.000000	5000.000000	2110.833333	-3.353171	-0.002016	0.082216	-0.024519
0.000000	2500.000000	5000.000000	2110.833333	-3.356056	-0.002017	0.082275	-0.024515
0.000000	2500.000000	5000.000000	2110.833333	-3.376571	-0.002029	0.082775	-0.024515
0.000000	2500.000000	5000.000000	2110.833333	-3.398998	-0.002042	0.083314	-0.024511
0.000000	2500.000000	5000.000000	2110.833333	-3.382584	-0.002032	0.082915	-0.024512
0.000000	2500.000000	5000.000000	2110.833333	-3.406659	-0.002047	0.083498	-0.024510
0.000000	2500.000000	5000.000000	2110.833333	-3.459986	-0.002078	0.084783	-0.024504
0.000000	2500.000000	5000.000000	2110.833333	-3.450733	-0.002073	0.084568	-0.024507
0.000000	2500.000000	5000.000000	2110.833333	-3.450594	-0.002073	0.084567	-0.024508
0.000000	2500.000000	5000.000000	2110.833333	-3.452515	-0.002074	0.084613	-0.024508
0.000000	2500.000000	5000.000000	2110.833333	-3.417691	-0.002053	0.083774	-0.024512
0.000000	2500.000000	5000.000000	2110.833333	-3.430712	-0.002061	0.084090	-0.024511
0.000000	2500.000000	5000.000000	2110.833333	-3.411310	-0.002050	0.083617	-0.024512
0.000000	2500.000000	5000.000000	2110.833333	-3.443214	-0.002068	0.084384	-0.024507
0.000000	2500.000000	5000.000000	2110.833333	-3.417550	-0.002053	0.083763	-0.024510
0.000000	2500.000000	5000.000000	2110.833333	-3.392756	-0.002038	0.083161	-0.024511
0.000000	2500.000000	5000.000000	2110.833333	-3.392785	-0.002038	0.083161	-0.024511
0.000000	1000.000000	5000.000000	1516.956522	-1.092878	-0.000674	0.027142	-0.024835
0.000000	1000.000000	5000.000000	1516.956522	-1.188192	-0.000732	0.029493	-0.024822
0.000000	1000.000000	5000.000000	1516.956522	-1.188192	-0.000732	0.029493	-0.024822
0.000000	1000.000000	5000.000000	1516.956522	-1.247704	-0.000769	0.030967	-0.024819
0.000000	1000.000000	5000.000000	1516.956522	-1.332538	-0.000820	0.033053	-0.024805
0.000000	1000.000000	5000.000000	1516.956522	-1.335262	-0.000822	0.033120	-0.024804
0.000000	1000.000000	5000.000000	1516.956522	-1.337934	-0.000823	0.033186	-0.024804
0.000000	1000.000000	5000.000000	1516.956522	-1.348743	-0.000830	0.033450	-0.024801
0.000000	1000.000000	5000.000000	1516.956522	-1.359318	-0.000836	0.033711	-0.024800
0.000000	1000.000000	5000.000000	1516.956522	-1.401146	-0.000862	0.034744	-0.024797
0.000000	1000.000000	5000.000000	1516.956522	-1.410803	-0.000867	0.034982	-0.024796
0.000000	1000.000000	5000.000000	1516.956522	-1.410818	-0.000867	0.034982	-0.024795
0.000000	1000.000000	5000.000000	1516.956522	-1.499965	-0.000921	0.037178	-0.024786
0.000000	1000.000000	5000.000000	1516.956522	-1.584439	-0.000973	0.039257	-0.024777
0.000000	1000.000000	5000.000000	1516.956522	-1.589536	-0.000976	0.039383	-0.024776
0.000000	1000.000000	5000.000000	1516.956522	-1.683195	-0.001032	0.041683	-0.024764
0.000000	1000.000000	5000.000000	1516.956522	-1.685346	-0.001034	0.041736	-0.024764
0.000000	1000.000000	5000.000000	1516.956522	-1.691857	-0.001037	0.041893	-0.024762
0.000000	1000.000000	5000.000000	1516.956522	-1.679229	-0.001029	0.041577	-0.024760
0.000000	1000.000000	5000.000000	1516.956522	-1.643820	-0.001008	0.040703	-0.024761
0.000000	1000.000000	5000.000000	1516.956522	-1.657542	-0.001016	0.041042	-0.024760
0.000000	1000.000000	5000.000000	1516.956522	-1.659694	-0.001018	0.041095	-0.024760
0.000000	1000.000000	5000.000000	1516.956522	-1.673168	-0.001026	0.041427	-0.024760
0.000000	1000.000000	5000.000000	1516.956522	-1.749327	-0.001072	0.043303	-0.024754
0.000000	1000.000000	5000.000000	1516.956522	-1.753985	-0.001075	0.043417	-0.024753
0.000000	1000.000000	5000.000000	1516.956522	-1.756088	-0.001076	0.043468	-0.024753
0.000000	1000.000000	5000.000000	1516.956522	-1.758118	-0.001077	0.043518	-0.024753
0.000000	1000.000000	5000.000000	1516.956522	-1.819550	-0.001114	0.045022	-0.024744
0.000000	1000.000000	5000.000000	1516.956522	-1.879563	-0.001150	0.046482	-0.024730
0.000000	1000.000000	5000.000000	1516.956522	-1.887247	-0.001154	0.046670	-0.024729
0.000000	1000.000000	5000.000000	1516.956522	-1.925800	-0.001177	0.047619	-0.024727
0.000000	1000.000000	5000.000000	1516.956522	-1.927690	-0.001179	0.047665	-0.024726
0.000000	1000.000000	5000.000000	1516.956522	-1.935375	-0.001183	0.047849	-0.024723
0.000000	1000.000000	5000.000000	1516.956522	-2.002202	-0.001223	0.049482	-0.024714
0.000000	1000.000000	5000.000000	1516.956522	-2.056492	-0.001255	0.050809	-0.024707
0.000000	1000.000000	5000.000000	1516.956522	-2.119630	-0.001293	0.052350	-0.024698
0.000000	1000.000000	5000.000000	1516.956522	-2.114497	-0.001290	0.052224	-0.024698
0.000000	1000.000000	5000.000000	1516.956522	-2.116439	-0.001291	0.052266	-0.024695
0.000000	1000.000000	5000.000000	1516.956522	-2.120613	-0.001293	0.052361	-0.024691
0.000000	1000.000000	5000.000000	1516.956522	-2.136047	-0.001302	0.052737	-0.024689
0.000000	1000.000000	5000.000000	1516.956522	-2.187498	-0.001332	0.053989	-0.024681
0.000000	1000.000000	5000.000000	1516.956522	-2.191230	-0.001335	0.054080	-0.024680
0.000000	1000.000000	5000.000000	1516.956522	-2.197889	-0.001339	0.054244	-0.024680
0.000000	1000.000000	5000.000000	1516.956522	-2.198311	-0.001339	0.054254	-0.024680
0.000000	1000.000000	5000.000000	1516.956522	-2.224628	-0.001355	0.054899	-0.024678
0.000000	1000.000000	5000.000000	1516.956522	-2.283299	-0.001390	0.056328	-0.024669
0.000000	1000.000000	5000.000000	1516.956522	-2.293219	-0.001396	0.056571	-0.024669
0.000000	1000.000000	5000.000000	1516.956522	-2.299591	-0.001399	0.056727	-0.024668
0.000000	1000.000000	5000.000000	1516.956522	-2.299982	-0.001400	0.056737	-0.024668
0.000000	1000.000000	5000.000000	1516.956522	-2.347727	-0.001428	0.057898	-0.024661
0.000000	1000.000000	5000.000000	1516.956522	-2.423291	-0.001473	0.059737	-0.024651
0.000000	1000.000000	5000.000000	1516.956522	-2.432658	-0.001478	0.059966	-0.024651
0.000000	1000.000000	5000.000000	1516.956522	-2.445860	-0.001486	0.060288	-0.024649
0.000000	1000.000000	5000.000000	1516.956522	-2.491060	-0.001513	0.061386	-0.024642
0.000000	1000.000000	5000.000000	1516.956522	-2.521104	-0.001530	0.062107	-0.024635
0.000000	1000.000000	5000.000000	1516.956522	-2.522591	-0.001531	0.062143	-0.024635
0.000000	1000.000000	5000.000000	1516.956522	-2.574492	-0.001562	0.063405	-0.024628
0.000000	1000.000000	5000.000000	1516.956522	-2.617474	-0.001587	0.064450	-0.024623
0.000000	1000.000000	5000.000000	1516.956522	-2.600057	-0.001577	0.064036	-0.024629
0.000000	1000.000000	5000.000000	1516.956522	-2.602862	-0.001579	0.064106	-0.024629
0.000000	1000.000000	5000.000000	1516.956522	-2.601762	-0.001578	0.064080	-0.024629
0.000000	1000.000000	5000.000000	1516.956522	-2.652165	-0.001608	0.065305	-0.024623
0.000000	1000.000000	5000.000000	1516.956522	-2.677401	-0.001623	0.065911	-0.024618
0.000000	1000.000000	5000.000000	1516.956522	-2.682841	-0.001626	0.066044	-0.024617
0.000000	1000.000000	5000.000000	1516.956522	-2.716903	-0.001646	0.066875	-0.024614
0.000000	1000.000000	5000.000000	1516.956522	-2.719933	-0.001648	0.066949	-0.024614
0.000000	1000.000000	5000.000000	1516.956522	-2.720454	-0.001648	0.066957	-0.024612
0.000000	1000.000000	5000.000000	1516.956522	-2.720454	-0.001648	0.066957	-0.024612
0.000000	1000.000000	5000.000000	1516.956522	-2.761126	-0.001672	0.067944	-0.024607
0.000000	1000.000000	5000.000000	1516.956522	-2.794724	-0.001691	0.068751	-0.024600
0.000000	1000.000000	5000.000000	1516.956522	-2.800101	-0.001694	0.068879	-0.024599
0.000000	1000.000000	5000.000000	1516.956522	-2.855499	-0.001727	0.070220	-0.024591
0.000000	1000.000000	5000.000000	1516.956522	-2.856978	-0.001727	0.070251	-0.024589
0.000000	1000.000000	5000.000000	1516.956522	-2.859900	-0.001729	0.070322	-0.024589
0.000000	1000.000000	5000.000000	1516.956522	-2.861167	-0.001730	0.070354	-0.024589
0.000000	1000.000000	5000.000000	1516.956522	-2.893454	-0.001749	0.071131	-0.024583
0.000000	1000.000000	5000.000000	1516.956522	-2.893810	-0.001749	0.071139	-0.024583
0.000000	1000.000000	5000.000000	1516.956522	-2.905197	-0.001756	0.071417	-0.024582
0.000000	1000.000000	5000.000000	1516.956522	-2.925527	-0.001768	0.071911	-0.024580
0.000000	1000.000000	5000.000000	1516.956522	-2.909931	-0.001759	0.071540	-0.024585
0.000000	1000.000000	5000.000000	1516.956522	-2.914977	-0.001762	0.071664	-0.024585
0.000000	1000.000000	5000.000000	1516.956522	-2.915300	-0.001762	0.071672	-0.024585
0.000000	1000.000000	5000.000000	1516.956522	-2.953509	-0.001784	0.072595	-0.024579
0.000000	1000.000000	5000.000000	1516.956522	-2.973820	-0.001796	0.073080	-0.024574
0.000000	1000.000000	5000.000000	1516.956522	-2.940217	-0.001776	0.072260	-0.024576
0.000000	1000.000000	5000.000000	1516.956522	-2.971349	-0.001794	0.073017	-0.024574
0.000000	1000.000000	5000.000000	1516.956522	-2.971651	-0.001795	0.073025	-0.024574
0.000000	1000.000000	5000.000000	1516.956522	-3.024181	-0.001825	0.074291	-0.024566
0.000000	1000.000000	5000.000000	1516.956522	-3.061009	-0.001847	0.075182	-0.024561
0.000000	1000.000000	5000.000000	1516.956522	-3.063713	-0.001848	0.075247	-0.024561
0.000000	1000.000000	5000.000000	1516.956522	-3.078518	-0.001857	0.075606	-0.024559
0.000000	1000.000000	5000.000000	1516.956522	-3.079710	-0.001858	0.075635	-0.024559
0.000000	1000.000000	5000.000000	1516.956522	-3.090721	-0.001864	0.075898	-0.024557
0.000000	1000.000000	5000.000000	1516.956522	-3.093411	-0.001865	0.075963	-0.024556
0.000000	1000.000000	5000.000000	1516.956522	-3.136335	-0.001891	0.077003	-0.024552
0.000000	1000.000000	5000.000000	1516.956522	-3.141038	-0.001893	0.077117	-0.024551
0.000000	1000.000000	5000.000000	1516.956522	-3.183131	-0.001918	0.078141	-0.024548
0.000000	1000.000000	5000.000000	1516.956522	-3.212162	-0.001935	0.078842	-0.024545
0.000000	1000.000000	5000.000000	1516.956522	-3.219285	-0.001939	0.079016	-0.024544
0.000000	1000.000000	5000.000000	1516.956522	-3.221828	-0.001941	0.079079	-0.024545
0.000000	1000.000000	5000.000000	1516.956522	-3.173689	-0.001913	0.077918	-0.024551
0.000000	1000.000000	5000.000000	1516.956522	-3.145375	-0.001897	0.077237	-0.024556
0.000000	1000.000000	5000.000000	1516.956522	-3.164279	-0.001908	0.077694	-0.024553
0.000000	1000.000000	5000.000000	1516.956522	-3.140998	-0.001894	0.077125	-0.024554
0.000000	1000.000000	5000.000000	1516.956522	-3.134318	-0.001890	0.076972	-0.024558
0.000000	1000.000000	5000.000000	1516.956522	-3.175390	-0.001914	0.077969	-0.024554
0.000000	1000.000000	5000.000000	1516.956522	-3.188420	-0.001922	0.078286	-0.024553
0.000000	1000.000000	5000.000000	1516.956522	-3.194343	-0.001926	0.078427	-0.024552
0.000000	1000.000000	5000.000000	1516.956522	-3.218485	-0.001940	0.079014	-0.024550
0.000000	1000.000000	5000.000000	1516.956522	-3.200323	-0.001929	0.078572	-0.024551
0.000000	1000.000000	5000.000000	1516.956522	-3.196799	-0.001927	0.078487	-0.024552
0.000000	1000.000000	5000.000000	1516.956522	-3.231826	-0.001947	0.079331	-0.024547
0.000000	1000.000000	5000.000000	1516.956522	-3.204476	-0.001931	0.078669	-0.024550
0.000000	1000.000000	5000.000000	1516.956522	-3.162773	-0.001907	0.077659	-0.024554
0.000000	1000.000000	5000.000000	1516.956522	-3.209510	-0.001934	0.078788	-0.024548
0.000000	1000.000000	5000.000000	1516.956522	-3.161301	-0.001906	0.077624	-0.024554
0.000000	1000.000000	5000.000000	1516.956522	-3.184180	-0.001919	0.078170	-0.024549
0.000000	1000.000000	5000.000000	1516.956522	-3.198093	-0.001927	0.078507	-0.024548
0.000000	1000.000000	5000.000000	1516.956522	-3.219861	-0.001940	0.079034	-0.024546
0.000000	1000.000000	5000.000000	1516.956522	-3.215421	-0.001937	0.078929	-0.024547
0.000000	1000.000000	5000.000000	1516.956522	-3.231751	-0.001947	0.079318	-0.024543
0.000000	1000.000000	5000.000000	1516.956522	-3.240976	-0.001952	0.079541	-0.024542
0.000000	1000.000000	5000.000000	1516.956522	-3.236446	-0.001949	0.079430	-0.024542
0.000000	1000.000000	5000.000000	1516.956522	-3.213510	-0.001936	0.078871	-0.024543
0.000000	1000.000000	5000.000000	1516.956522	-3.213451	-0.001936	0.078871	-0.024544
0.000000	1000.000000	5000.000000	1516.956522	-3.212572	-0.001935	0.078850	-0.024544
0.000000	1000.000000	5000.000000	1516.956522	-3.212714	-0.001935	0.078850	-0.024543
0.000000	1000.000000	5000.000000	1516.956522	-3.180166	-0.001916	0.078065	-0.024547
0.000000	1000.000000	5000.000000	1516.956522	-3.154787	-0.001902	0.077462	-0.024554
0.000000	1000.000000	5000.000000	1516.956522	-3.154866	-0.001902	0.077462	-0.024553
0.000000	1000.000000	5000.000000	1516.956522	-3.131105	-0.001888	0.076882	-0.024554
0.000000	1000.000000	5000.000000	1516.956522	-3.131126	-0.001888	0.076883	-0.024554
0.000000	1000.000000	5000.000000	1516.956522	-3.130972	-0.001888	0.076883	-0.024555
0.000000	1000.000000	5000.000000	1516.956522	-3.098616	-0.001869	0.076102	-0.024560
0.000000	1000.000000	5000.000000	1516.956522	-3.077235	-0.001856	0.075581	-0.024561
0.000000	1000.000000	5000.000000	1516.956522	-3.044336	-0.001837	0.074788	-0.024566
0.000000	1000.000000	5000.000000	1516.956522	-3.047993	-0.001839	0.074877	-0.024566
0.000000	1000.000000	5000.000000	1516.956522	-3.046557	-0.001839	0.074847	-0.024568
0.000000	1000.000000	5000.000000	1516.956522	-3.080116	-0.001859	0.075666	-0.024566
0.000000	1000.000000	5000.000000	1516.956522	-3.093506	-0.001867	0.075995	-0.024566
0.000000	1000.000000	5000.000000	1516.956522	-3.056747	-0.001846	0.075111	-0.024572
0.000000	1000.000000	5000.000000	1516.956522	-3.090623	-0.001865	0.075930	-0.024568
0.000000	1000.000000	5000.000000	1516.956522	-3.121955	-0.001884	0.076686	-0.024564
0.000000	1000.000000	5000.000000	1516.956522	-3.121957	-0.001884	0.076686	-0.024563
0.000000	1000.000000	5000.000000	1516.956522	-3.117475	-0.001881	0.076578	-0.024564
0.000000	1000.000000	5000.000000	1516.956522	-3.088905	-0.001865	0.075891	-0.024569
0.000000	1000.000000	5000.000000	1516.956522	-3.082679	-0.001861	0.075739	-0.024569
0.000000	1000.000000	5000.000000	1516.956522	-3.088706	-0.001864	0.075883	-0.024568
0.000000	1000.000000	5000.000000	1516.956522	-3.131660	-0.001889	0.076916	-0.024561
0.000000	1000.000000	5000.000000	1516.956522	-3.096720	-0.001869	0.076074	-0.024566
0.000000	1000.000000	5000.000000	1516.956522	-3.052512	-0.001843	0.074999	-0.024570
0.000000	1000.000000	5000.000000	1516.956522	-3.075891	-0.001856	0.075550	-0.024562
0.000000	1000.000000	5000.000000	1516.956522	-3.069800	-0.001852	0.075403	-0.024563
0.000000	1000.000000	5000.000000	1516.956522	-3.033223	-0.001831	0.074519	-0.024568
0.000000	1000.000000	5000.000000	1516.956522	-3.009279	-0.001817	0.073949	-0.024574
0.000000	1000.000000	5000.000000	1516.956522	-3.013043	-0.001819	0.074037	-0.024572
0.000000	1000.000000	5000.000000	1516.956522	-2.983662	-0.001802	0.073329	-0.024577
0.000000	1000.000000	5000.000000	1516.956522	-2.948591	-0.001782	0.072481	-0.024582
0.000000	1000.000000	5000.000000	1516.956522	-2.981488	-0.001801	0.073274	-0.024576
0.000000	1000.000000	5000.000000	1516.956522	-3.023340	-0.001825	0.074284	-0.024570
0.000000	1000.000000	5000.000000	1516.956522	-3.030588	-0.001829	0.074461	-0.024570
0.000000	1000.000000	5000.000000	1516.956522	-2.994096	-0.001808	0.073576	-0.024574
0.000000	1000.000000	5000.000000	1516.956522	-3.013474	-0.001819	0.074047	-0.024572
0.000000	1000.000000	5000.000000	1516.956522	-3.033383	-0.001831	0.074530	-0.024570
0.000000	1000.000000	5000.000000	1516.956522	-3.003066	-0.001813	0.073793	-0.024573
0.000000	1000.000000	5000.000000	1516.956522	-3.037505	-0.001833	0.074624	-0.024568
0.000000	1000.000000	5000.000000	1516.956522	-3.067872	-0.001851	0.075353	-0.024562
0.000000	1000.000000	5000.000000	1516.956522	-3.075316	-0.001855	0.075535	-0.024562
0.000000	1000.000000	5000.000000	1516.956522	-3.063202	-0.001848	0.075245	-0.024564
0.000000	1000.000000	5000.000000	1516.956522	-3.033695	-0.001831	0.074538	-0.024570
0.000000	1000.000000	5000.000000	1516.956522	-3.072407	-0.001854	0.075477	-0.024566
0.000000	1000.000000	5000.000000	1516.956522	-3.023862	-0.001826	0.074298	-0.024571
0.000000	1000.000000	5000.000000	1516.956522	-3.027450	-0.001828	0.074387	-0.024571
0.000000	1000.000000	5000.000000	1516.956522	-3.054959	-0.001844	0.075059	-0.024569
0.000000	1000.000000	5000.000000	1516.956522	-3.078416	-0.001858	0.075621	-0.024565
0.000000	1000.000000	5000.000000	1516.956522	-3.099160	-0.001870	0.076125	-0.024563
0.000000	1000.000000	5000.000000	1516.956522	-3.128610	-0.001887	0.076839	-0.024560
0.000000	1000.000000	5000.000000	1516.956522	-3.119209	-0.001882	0.076610	-0.024561
0.000000	1000.000000	5000.000000	1516.956522	-3.125437	-0.001885	0.076758	-0.024559
0.000000	1000.000000	5000.000000	1516.956522	-3.135661	-0.001891	0.076996	-0.024555
0.000000	1000.000000	5000.000000	1516.956522	-3.133853	-0.001889	0.076946	-0.024553
0.000000	1000.000000	5000.000000	1516.956522	-3.141002	-0.001893	0.077118	-0.024552
0.000000	1000.000000	5000.000000	1516.956522	-3.106148	-0.001873	0.076279	-0.024557
0.000000	1000.000000	5000.000000	1516.956522	-3.122873	-0.001883	0.076687	-0.024557
0.000000	1000.000000	5000.000000	1516.956522	-3.113190	-0.001878	0.076456	-0.024559
0.000000	1000.000000	5000.000000	1516.956522	-3.088293	-0.001863	0.075849	-0.024560
0.000000	1000.000000	5000.000000	1516.956522	-3.095514	-0.001867	0.076024	-0.024559
0.000000	1000.000000	5000.000000	1516.956522	-3.044450	-0.001838	0.074795	-0.024568
0.000000	1000.000000	5000.000000	1516.956522	-3.015240	-0.001820	0.074085	-0.024570
0.000000	1000.000000	5000.000000	1516.956522	-3.032533	-0.001830	0.074494	-0.024565
0.000000	1000.000000	5000.000000	1516.956522	-3.025183	-0.001826	0.074315	-0.024565
0.000000	1000.000000	5000.000000	1516.956522	-3.023970	-0.001825	0.074286	-0.024566
0.000000	1000.000000	5000.000000	1516.956522	-3.012731	-0.001818	0.074017	-0.024568
0.000000	1000.000000	5000.000000	1516.956522	-3.020902	-0.001823	0.074217	-0.024568
0.000000	1000.000000	5000.000000	1516.956522	-2.979775	-0.001799	0.073222	-0.024573
0.000000	1000.000000	5000.000000	1516.956522	-2.974845	-0.001796	0.073102	-0.024573
0.000000	1000.000000	5000.000000	1516.956522	-2.945206	-0.001779	0.072380	-0.024575
0.000000	1000.000000	5000.000000	1516.956522	-2.913982	-0.001760	0.071623	-0.024579
0.000000	1000.000000	5000.000000	1516.956522	-2.917545	-0.001763	0.071709	-0.024579
0.000000	1000.000000	5000.000000	1516.956522	-2.914990	-0.001761	0.071647	-0.024579
0.000000	1000.000000	5000.000000	1516.956522	-2.959415	-0.001787	0.072718	-0.024572
0.000000	1000.000000	5000.000000	1516.956522	-2.962843	-0.001789	0.072801	-0.024571
0.000000	1000.000000	5000.000000	1516.956522	-2.947823	-0.001780	0.072436	-0.024573
0.000000	1000.000000	5000.000000	1516.956522	-2.992353	-0.001806	0.073515	-0.024568
0.000000	1000.000000	5000.000000	1516.956522	-2.969245	-0.001792	0.072952	-0.024569
0.000000	1000.000000	5000.000000	1516.956522	-2.924420	-0.001766	0.071862	-0.024573
0.000000	1000.000000	5000.000000	1516.956522	-2.909301	-0.001757	0.071494	-0.024574
0.000000	1000.000000	5000.000000	1516.956522	-2.929366	-0.001769	0.071985	-0.024574
0.000000	1000.000000	5000.000000	1516.956522	-2.898169	-0.001750	0.071224	-0.024576
0.000000	1000.000000	5000.000000	1516.956522	-2.900698	-0.001752	0.071287	-0.024576
0.000000	1000.000000	5000.000000	1516.956522	-2.915068	-0.001760	0.071633	-0.024573
0.000000	1000.000000	5000.000000	1516.956522	-2.922488	-0.001765	0.071813	-0.024572
0.000000	1000.000000	5000.000000	1516.956522	-2.908276	-0.001756	0.071467	-0.024574
0.000000	1000.000000	5000.000000	1516.956522	-2.907968	-0.001756	0.071460	-0.024574
0.000000	1000.000000	5000.000000	1516.956522	-2.908079	-0.001756	0.071460	-0.024573
0.000000	1000.000000	5000.000000	1516.956522	-2.908090	-0.001756	0.071460	-0.024573
0.000000	1000.000000	5000.000000	1516.956522	-2.928025	-0.001768	0.071944	-0.024571
0.000000	1000.000000	5000.000000	1516.956522	-2.915736	-0.001760	0.071645	-0.024572
0.000000	1000.000000	5000.000000	1516.956522	-2.883973	-0.001742	0.070878	-0.024577
0.000000	1000.000000	5000.000000	1516.956522	-2.922184	-0.001764	0.071804	-0.024572
0.000000	1000.000000	5000.000000	1516.956522	-2.941909	-0.001776	0.072289	-0.024572
0.000000	1000.000000	5000.000000	1516.956522	-2.933395	-0.001771	0.072081	-0.024573
0.000000	1000.000000	5000.000000	1516.956522	-2.956049	-0.001784	0.072629	-0.024570
0.000000	1000.000000	5000.000000	1516.956522	-2.967751	-0.001791	0.072904	-0.024565
0.000000	1000.000000	5000.000000	1516.956522	-2.972751	-0.001794	0.073024	-0.024565
0.000000	1000.000000	5000.000000	1516.956522	-2.973724	-0.001794	0.073047	-0.024564
0.000000	1000.000000	5000.000000	1516.956522	-2.972368	-0.001794	0.073017	-0.024565
0.000000	1000.000000	5000.000000	1516.956522	-2.969807	-0.001792	0.072957	-0.024566
0.000000	1000.000000	5000.000000	1516.956522	-2.961289	-0.001787	0.072752	-0.024568
0.000000	1000.000000	5000.000000	1516.956522	-2.956235	-0.001784	0.072631	-0.024569
0.000000	1000.000000	5000.000000	1516.956522	-2.961254	-0.001787	0.072752	-0.024568
0.000000	1000.000000	5000.000000	1516.956522	-2.997592	-0.001809	0.073634	-0.024564
0.000000	1000.000000	5000.000000	1516.956522	-2.995402	-0.001808	0.073582	-0.024565
0.000000	1000.000000	5000.000000	1516.956522	-3.015294	-0.001819	0.074059	-0.024561
0.000000	1000.000000	5000.000000	1516.956522	-3.000335	-0.001810	0.073700	-0.024564
0.000000	1000.000000	5000.000000	1516.956522	-2.989504	-0.001804	0.073439	-0.024565
0.000000	1000.000000	5000.000000	1516.956522	-2.995695	-0.001808	0.073589	-0.024565
0.000000	1000.000000	5000.000000	1516.956522	-2.996936	-0.001808	0.073619	-0.024565
0.000000	1700.000000	5000.000000	1680.720000	-1.812340	-0.001109	0.044823	-0.024732
0.000000	1700.000000	5000.000000	1680.720000	-1.816797	-0.001111	0.044933	-0.024732
0.000000	1700.000000	5000.000000	1680.720000	-1.865890	-0.001141	0.046141	-0.024729
0.000000	1700.000000	5000.000000	1680.720000	-1.873629	-0.001146	0.046331	-0.024728
0.000000	1700.000000	5000.000000	1680.720000	-1.871218	-0.001144	0.046272	-0.024728
0.000000	1700.000000	5000.000000	1680.720000	-1.831723	-0.001121	0.045310	-0.024737
0.000000	1700.000000	5000.000000	1680.720000	-1.831804	-0.001121	0.045310	-0.024735
0.000000	1700.000000	5000.000000	1680.720000	-1.831804	-0.001121	0.045310	-0.024735
0.000000	1700.000000	5000.000000	1680.720000	-1.880389	-0.001150	0.046509	-0.024734
0.000000	1700.000000	5000.000000	1680.720000	-1.938470	-0.001185	0.047923	-0.024722
0.000000	1700.000000	5000.000000	1680.720000	-1.950163	-0.001192	0.048209	-0.024720
0.000000	1700.000000	5000.000000	1680.720000	-1.968809	-0.001203	0.048666	-0.024718
0.000000	1700.000000	5000.000000	1680.720000	-2.034808	-0.001242	0.050272	-0.024706
0.000000	1700.000000	5000.000000	1680.720000	-2.051322	-0.001251	0.050664	-0.024698
0.000000	1700.000000	5000.000000	1680.720000	-2.051325	-0.001251	0.050664	-0.024698
0.000000	1700.000000	5000.000000	1680.720000	-2.067317	-0.001261	0.051053	-0.024695
0.000000	1700.000000	5000.000000	1680.720000	-2.140873	-0.001305	0.052848	-0.024685
0.000000	1700.000000	5000.000000	1680.720000	-2.156044	-0.001314	0.053221	-0.024685
0.000000	1700.000000	5000.000000	1680.720000	-2.159872	-0.001316	0.053315	-0.024684
0.000000	1700.000000	5000.000000	1680.720000	-2.156077	-0.001314	0.053222	-0.024685
0.000000	1700.000000	5000.000000	1680.720000	-2.189951	-0.001334	0.054043	-0.024678
0.000000	1700.000000	5000.000000	1680.720000	-2.118366	-0.001291	0.052300	-0.024689
0.000000	1700.000000	5000.000000	1680.720000	-2.114487	-0.001289	0.052205	-0.024689
0.000000	1700.000000	5000.000000	1680.720000	-2.156053	-0.001313	0.053211	-0.024680
0.000000	1700.000000	5000.000000	1680.720000	-2.161100	-0.001316	0.053334	-0.024679
0.000000	1700.000000	5000.000000	1680.720000	-2.156497	-0.001313	0.053220	-0.024679
0.000000	1700.000000	5000.000000	1680.720000	-2.130862	-0.001298	0.052593	-0.024682
0.000000	1700.000000	5000.000000	1680.720000	-2.146182	-0.001307	0.052968	-0.024680
0.000000	1700.000000	5000.000000	1680.720000	-2.217229	-0.001349	0.054700	-0.024671
0.000000	1700.000000	5000.000000	1680.720000	-2.222154	-0.001352	0.054821	-0.024670
0.000000	1700.000000	5000.000000	1680.720000	-2.182287	-0.001329	0.053846	-0.024674
0.000000	1700.000000	5000.000000	1680.720000	-2.172182	-0.001323	0.053598	-0.024675
0.000000	1700.000000	5000.000000	1680.720000	-2.187067	-0.001331	0.053958	-0.024671
0.000000	1700.000000	5000.000000	1680.720000	-2.172926	-0.001323	0.053618	-0.024675
0.000000	1700.000000	5000.000000	1680.720000	-2.172893	-0.001323	0.053618	-0.024676
0.000000	1700.000000	5000.000000	1680.720000	-2.176476	-0.001325	0.053700	-0.024673
0.000000	1700.000000	5000.000000	1680.720000	-2.226294	-0.001355	0.054916	-0.024667
0.000000	1700.000000	5000.000000	1680.720000	-2.242629	-0.001364	0.055316	-0.024666
0.000000	1700.000000	5000.000000	1680.720000	-2.256780	-0.001373	0.055662	-0.024665
0.000000	1700.000000	5000.000000	1680.720000	-2.237412	-0.001361	0.055186	-0.024665
0.000000	1700.000000	5000.000000	1680.720000	-2.237810	-0.001361	0.055196	-0.024665
0.000000	1700.000000	5000.000000	1680.720000	-2.221586	-0.001352	0.054806	-0.024670
0.000000	1700.000000	5000.000000	1680.720000	-2.222016	-0.001352	0.054816	-0.024670
0.000000	1700.000000	5000.000000	1680.720000	-2.231864	-0.001358	0.055056	-0.024668
0.000000	1700.000000	5000.000000	1680.720000	-2.286958	-0.001391	0.056393	-0.024658
0.000000	1700.000000	5000.000000	1680.720000	-2.277400	-0.001385	0.056158	-0.024659
0.000000	1700.000000	5000.000000	1680.720000	-2.281849	-0.001387	0.056268	-0.024659
0.000000	1700.000000	5000.000000	1680.720000	-2.275736	-0.001384	0.056121	-0.024661
0.000000	1700.000000	5000.000000	1680.720000	-2.332633	-0.001418	0.057506	-0.024653
0.000000	1700.000000	5000.000000	1680.720000	-2.334235	-0.001419	0.057545	-0.024652
0.000000	1700.000000	5000.000000	1680.720000	-2.335808	-0.001420	0.057582	-0.024652
0.000000	1700.000000	5000.000000	1680.720000	-2.392106	-0.001453	0.058946	-0.024642
0.000000	1700.000000	5000.000000	1680.720000	-2.395532	-0.001455	0.059030	-0.024642
0.000000	1700.000000	5000.000000	1680.720000	-2.431874	-0.001476	0.059921	-0.024640
0.000000	1700.000000	5000.000000	1680.720000	-2.435215	-0.001478	0.060003	-0.024640
0.000000	1700.000000	5000.000000	1680.720000	-2.436753	-0.001479	0.060039	-0.024639
0.000000	1700.000000	5000.000000	1680.720000	-2.438316	-0.001480	0.060076	-0.024638
0.000000	1700.000000	5000.000000	1680.720000	-2.491920	-0.001512	0.061381	-0.024632
0.000000	1700.000000	5000.000000	1680.720000	-2.544799	-0.001543	0.062663	-0.024624
0.000000	1700.000000	5000.000000	1680.720000	-2.548027	-0.001545	0.062741	-0.024623
0.000000	1700.000000	5000.000000	1680.720000	-2.570990	-0.001559	0.063302	-0.024622
0.000000	1700.000000	5000.000000	1680.720000	-2.571024	-0.001559	0.063302	-0.024621
0.000000	1700.000000	5000.000000	1680.720000	-2.631043	-0.001594	0.064758	-0.024613
0.000000	1700.000000	5000.000000	1680.720000	-2.634171	-0.001596	0.064835	-0.024613
0.000000	1700.000000	5000.000000	1680.720000	-2.656610	-0.001609	0.065378	-0.024610
0.000000	1700.000000	5000.000000	1680.720000	-2.669192	-0.001616	0.065682	-0.024607
0.000000	1700.000000	5000.000000	1680.720000	-2.674998	-0.001619	0.065815	-0.024604
0.000000	1700.000000	5000.000000	1680.720000	-2.675348	-0.001620	0.065824	-0.024604
0.000000	1700.000000	5000.000000	1680.720000	-2.683906	-0.001625	0.066032	-0.024603
0.000000	1700.000000	5000.000000	1680.720000	-2.692463	-0.001630	0.066241	-0.024602
0.000000	1700.000000	5000.000000	1680.720000	-2.693864	-0.001630	0.066274	-0.024602
0.000000	1700.000000	5000.000000	1680.720000	-2.697023	-0.001632	0.066349	-0.024601
0.000000	1700.000000	5000.000000	1680.720000	-2.680514	-0.001623	0.065950	-0.024603
0.000000	1700.000000	5000.000000	1680.720000	-2.693857	-0.001630	0.066274	-0.024602
0.000000	1700.000000	5000.000000	1680.720000	-2.723132	-0.001647	0.066978	-0.024596
0.000000	1700.000000	5000.000000	1680.720000	-2.719006	-0.001645	0.066880	-0.024597
0.000000	1700.000000	5000.000000	1680.720000	-2.759822	-0.001669	0.067868	-0.024591
0.000000	1700.000000	5000.000000	1680.720000	-2.781681	-0.001681	0.068388	-0.024585
0.000000	1700.000000	5000.000000	1680.720000	-2.781685	-0.001681	0.068388	-0.024585
0.000000	1700.000000	5000.000000	1680.720000	-2.781779	-0.001681	0.068388	-0.024584
0.000000	1700.000000	5000.000000	1680.720000	-2.734671	-0.001654	0.067249	-0.024591
0.000000	1700.000000	5000.000000	1680.720000	-2.751046	-0.001663	0.067648	-0.024590
0.000000	1700.000000	5000.000000	1680.720000	-2.756500	-0.001667	0.067779	-0.024589
0.000000	1700.000000	5000.000000	1680.720000	-2.715858	-0.001643	0.066795	-0.024594
0.000000	1700.000000	5000.000000	1680.720000	-2.749684	-0.001663	0.067613	-0.024589
0.000000	1700.000000	5000.000000	1680.720000	-2.771318	-0.001675	0.068134	-0.024585
0.000000	1700.000000	5000.000000	1680.720000	-2.779636	-0.001680	0.068335	-0.024584
0.000000	1700.000000	5000.000000	1680.720000	-2.791548	-0.001687	0.068626	-0.024583
0.000000	1700.000000	5000.000000	1680.720000	-2.791884	-0.001687	0.068634	-0.024583
0.000000	1700.000000	5000.000000	1680.720000	-2.794839	-0.001689	0.068705	-0.024583
0.000000	1700.000000	5000.000000	1680.720000	-2.821651	-0.001705	0.069353	-0.024579
0.000000	1700.000000	5000.000000	1680.720000	-2.829787	-0.001709	0.069551	-0.024578
0.000000	1700.000000	5000.000000	1680.720000	-2.831122	-0.001710	0.069583	-0.024578
0.000000	1700.000000	5000.000000	1680.720000	-2.816297	-0.001702	0.069224	-0.024580
0.000000	1700.000000	5000.000000	1680.720000	-2.824048	-0.001706	0.069415	-0.024580
0.000000	1700.000000	5000.000000	1680.720000	-2.839804	-0.001715	0.069795	-0.024577
0.000000	1700.000000	5000.000000	1680.720000	-2.805370	-0.001695	0.068962	-0.024582
0.000000	1700.000000	5000.000000	1680.720000	-2.813604	-0.001700	0.069162	-0.024581
0.000000	1700.000000	5000.000000	1680.720000	-2.805699	-0.001696	0.068979	-0.024585
0.000000	1700.000000	5000.000000	1680.720000	-2.833663	-0.001712	0.069654	-0.024581
0.000000	1700.000000	5000.000000	1680.720000	-2.858393	-0.001726	0.070247	-0.024576
0.000000	1700.000000	5000.000000	1680.720000	-2.860621	-0.001728	0.070301	-0.024576
0.000000	1700.000000	5000.000000	1680.720000	-2.836625	-0.001713	0.069712	-0.024576
0.000000	1700.000000	5000.000000	1680.720000	-2.834592	-0.001712	0.069657	-0.024574
0.000000	1700.000000	5000.000000	1680.720000	-2.845010	-0.001718	0.069909	-0.024572
0.000000	1700.000000	5000.000000	1680.720000	-2.891314	-0.001745	0.071029	-0.024566
0.000000	1700.000000	5000.000000	1680.720000	-2.892167	-0.001746	0.071052	-0.024567
0.000000	1700.000000	5000.000000	1680.720000	-2.895057	-0.001747	0.071122	-0.024567
0.000000	1700.000000	5000.000000	1680.720000	-2.864555	-0.001729	0.070376	-0.024568
0.000000	1700.000000	5000.000000	1680.720000	-2.840671	-0.001715	0.069807	-0.024574
0.000000	1700.000000	5000.000000	1680.720000	-2.858787	-0.001726	0.070250	-0.024573
0.000000	1700.000000	5000.000000	1680.720000	-2.844185	-0.001718	0.069895	-0.024575
0.000000	1700.000000	5000.000000	1680.720000	-2.799802	-0.001692	0.068820	-0.024580
0.000000	1700.000000	5000.000000	1680.720000	-2.787787	-0.001685	0.068540	-0.024586
0.000000	1700.000000	5000.000000	1680.720000	-2.796104	-0.001690	0.068740	-0.024584
0.000000	1700.000000	5000.000000	1680.720000	-2.810824	-0.001699	0.069102	-0.024584
0.000000	1700.000000	5000.000000	1680.720000	-2.754880	-0.001666	0.067747	-0.024592
0.000000	1700.000000	5000.000000	1680.720000	-2.790923	-0.001687	0.068619	-0.024587
0.000000	1700.000000	5000.000000	1680.720000	-2.789435	-0.001686	0.068579	-0.024585
0.000000	1700.000000	5000.000000	1680.720000	-2.794716	-0.001689	0.068707	-0.024585
0.000000	1700.000000	5000.000000	1680.720000	-2.775924	-0.001678	0.068258	-0.024589
0.000000	1700.000000	5000.000000	1680.720000	-2.802478	-0.001694	0.068902	-0.024586
0.000000	1700.000000	5000.000000	1680.720000	-2.800145	-0.001693	0.068846	-0.024587
0.000000	1700.000000	5000.000000	1680.720000	-2.782848	-0.001683	0.068434	-0.024591
0.000000	1700.000000	5000.000000	1680.720000	-2.777880	-0.001680	0.068314	-0.024592
0.000000	1700.000000	5000.000000	1680.720000	-2.772429	-0.001677	0.068185	-0.024594
0.000000	1700.000000	5000.000000	1680.720000	-2.792379	-0.001689	0.068670	-0.024592
0.000000	1700.000000	5000.000000	1680.720000	-2.780829	-0.001682	0.068389	-0.024593
0.000000	1700.000000	5000.000000	1680.720000	-2.745876	-0.001661	0.067535	-0.024595
0.000000	1700.000000	5000.000000	1680.720000	-2.749095	-0.001663	0.067609	-0.024593
0.000000	1700.000000	5000.000000	1680.720000	-2.752614	-0.001665	0.067698	-0.024594
0.000000	1700.000000	5000.000000	1680.720000	-2.752611	-0.001665	0.067699	-0.024594
0.000000	1700.000000	5000.000000	1680.720000	-2.741645	-0.001659	0.067437	-0.024597
0.000000	1700.000000	5000.000000	1680.720000	-2.769832	-0.001675	0.068119	-0.024593
0.000000	1700.000000	5000.000000	1680.720000	-2.822758	-0.001706	0.069403	-0.024587
0.000000	1700.000000	5000.000000	1680.720000	-2.824747	-0.001708	0.069458	-0.024589
0.000000	1700.000000	5000.000000	1680.720000	-2.786429	-0.001685	0.068525	-0.024592
0.000000	1700.000000	5000.000000	1680.720000	-2.770563	-0.001676	0.068139	-0.024594
0.000000	1700.000000	5000.000000	1680.720000	-2.798899	-0.001692	0.068822	-0.024589
0.000000	1700.000000	5000.000000	1680.720000	-2.838565	-0.001715	0.069778	-0.024582
0.000000	1700.000000	5000.000000	1680.720000	-2.839549	-0.001716	0.069802	-0.024582
0.000000	1700.000000	5000.000000	1680.720000	-2.831902	-0.001711	0.069613	-0.024582
0.000000	1700.000000	5000.000000	1680.720000	-2.831560	-0.001711	0.069604	-0.024582
0.000000	1700.000000	5000.000000	1680.720000	-2.870101	-0.001734	0.070539	-0.024577
0.000000	1700.000000	5000.000000	1680.720000	-2.826152	-0.001708	0.069476	-0.024583
0.000000	1700.000000	5000.000000	1680.720000	-2.823294	-0.001706	0.069404	-0.024583
0.000000	1700.000000	5000.000000	1680.720000	-2.814483	-0.001701	0.069189	-0.024583
0.000000	1700.000000	5000.000000	1680.720000	-2.814471	-0.001701	0.069189	-0.024583
0.000000	1700.000000	5000.000000	1680.720000	-2.793807	-0.001689	0.068686	-0.024585
0.000000	1700.000000	5000.000000	1680.720000	-2.839792	-0.001716	0.069801	-0.024580
0.000000	1700.000000	5000.000000	1680.720000	-2.846573	-0.001720	0.069967	-0.024579
0.000000	1700.000000	5000.000000	1680.720000	-2.846108	-0.001720	0.069963	-0.024582
0.000000	1700.000000	5000.000000	1680.720000	-2.843209	-0.001718	0.069893	-0.024582
0.000000	1700.000000	5000.000000	1680.720000	-2.831537	-0.001711	0.069606	-0.024582
0.000000	1700.000000	5000.000000	1680.720000	-2.831875	-0.001711	0.069607	-0.024580
0.000000	1700.000000	5000.000000	1680.720000	-2.838648	-0.001715	0.069772	-0.024579
0.000000	1700.000000	5000.000000	1680.720000	-2.869500	-0.001733	0.070528	-0.024578
0.000000	1700.000000	5000.000000	1680.720000	-2.825684	-0.001708	0.069466	-0.024584
0.000000	1700.000000	5000.000000	1680.720000	-2.825438	-0.001708	0.069463	-0.024585
0.000000	1700.000000	5000.000000	1680.720000	-2.869473	-0.001733	0.070528	-0.024579
0.000000	1700.000000	5000.000000	1680.720000	-2.854057	-0.001724	0.070150	-0.024579
0.000000	1700.000000	5000.000000	1680.720000	-2.892927	-0.001747	0.071093	-0.024575
0.000000	1700.000000	5000.000000	1680.720000	-2.838514	-0.001715	0.069776	-0.024582
0.000000	1700.000000	5000.000000	1680.720000	-2.851468	-0.001723	0.070090	-0.024580
0.000000	1700.000000	5000.000000	1680.720000	-2.857073	-0.001726	0.070224	-0.024579
0.000000	1700.000000	5000.000000	1680.720000	-2.848283	-0.001721	0.070011	-0.024580
0.000000	1700.000000	5000.000000	1680.720000	-2.844106	-0.001719	0.069917	-0.024583
0.000000	1700.000000	5000.000000	1680.720000	-2.845051	-0.001719	0.069940	-0.024583
0.000000	1700.000000	5000.000000	1680.720000	-2.876279	-0.001737	0.070692	-0.024577
0.000000	1700.000000	5000.000000	1680.720000	-2.888960	-0.001745	0.070995	-0.024575
0.000000	1700.000000	5000.000000	1680.720000	-2.895604	-0.001749	0.071158	-0.024574
0.000000	1700.000000	5000.000000	1680.720000	-2.897725	-0.001750	0.071213	-0.024575
0.000000	1700.000000	5000.000000	1680.720000	-2.897725	-0.001750	0.071213	-0.024575
0.000000	1700.000000	5000.000000	1680.720000	-2.878654	-0.001739	0.070748	-0.024577
0.000000	1700.000000	5000.000000	1680.720000	-2.850840	-0.001723	0.070082	-0.024583
0.000000	1700.000000	5000.000000	1680.720000	-2.852434	-0.001724	0.070121	-0.024583
0.000000	1700.000000	5000.000000	1680.720000	-2.859905	-0.001728	0.070305	-0.024583
0.000000	1700.000000	5000.000000	1680.720000	-2.832112	-0.001713	0.069642	-0.024590
0.000000	1700.000000	5000.000000	1680.720000	-2.832451	-0.001713	0.069650	-0.024590
0.000000	1700.000000	5000.000000	1680.720000	-2.844070	-0.001720	0.069934	-0.024589
0.000000	1700.000000	5000.000000	1680.720000	-2.905955	-0.001756	0.071432	-0.024581
0.000000	1700.000000	5000.000000	1680.720000	-2.895519	-0.001750	0.071178	-0.024582
0.000000	1700.000000	5000.000000	1680.720000	-2.905884	-0.001756	0.071431	-0.024582
0.000000	1700.000000	5000.000000	1680.720000	-2.931286	-0.001771	0.072045	-0.024578
0.000000	1700.000000	5000.000000	1680.720000	-2.945504	-0.001779	0.072383	-0.024574
0.000000	1700.000000	5000.000000	1680.720000	-2.925407	-0.001767	0.071901	-0.024578
0.000000	1700.000000	5000.000000	1680.720000	-2.917800	-0.001763	0.071717	-0.024579
0.000000	1700.000000	5000.000000	1680.720000	-2.911424	-0.001759	0.071562	-0.024580
0.000000	1700.000000	5000.000000	1680.720000	-2.913971	-0.001760	0.071624	-0.024580
0.000000	1700.000000	5000.000000	1680.720000	-2.911445	-0.001759	0.071563	-0.024580
0.000000	1700.000000	5000.000000	1680.720000	-2.911533	-0.001759	0.071560	-0.024578
0.000000	1700.000000	5000.000000	1680.720000	-2.957183	-0.001785	0.072663	-0.024572
0.000000	1700.000000	5000.000000	1680.720000	-2.967028	-0.001791	0.072904	-0.024572
0.000000	1700.000000	5000.000000	1680.720000	-2.968778	-0.001792	0.072943	-0.024570
0.000000	1700.000000	5000.000000	1680.720000	-2.961400	-0.001788	0.072762	-0.024570
0.000000	1700.000000	5000.000000	1680.720000	-2.913075	-0.001759	0.071591	-0.024576
0.000000	1700.000000	5000.000000	1680.720000	-2.910807	-0.001758	0.071537	-0.024576
0.000000	1700.000000	5000.000000	1680.720000	-2.914285	-0.001760	0.071621	-0.024576
0.000000	1700.000000	5000.000000	1680.720000	-2.887242	-0.001744	0.070961	-0.024578
0.000000	1700.000000	5000.000000	1680.720000	-2.894842	-0.001748	0.071143	-0.024576
0.000000	1700.000000	5000.000000	1680.720000	-2.901234	-0.001752	0.071303	-0.024577
0.000000	1700.000000	5000.000000	1680.720000	-2.897510	-0.001750	0.071210	-0.024576
0.000000	1700.000000	5000.000000	1680.720000	-2.904897	-0.001755	0.071396	-0.024578
0.000000	1700.000000	5000.000000	1680.720000	-2.917301	-0.001762	0.071704	-0.024579
0.000000	1700.000000	5000.000000	1680.720000	-2.906189	-0.001756	0.071436	-0.024581
0.000000	1700.000000	5000.000000	1680.720000	-2.880418	-0.001741	0.070813	-0.024584
0.000000	1700.000000	5000.000000	1680.720000	-2.879504	-0.001740	0.070790	-0.024584
0.000000	1700.000000	5000.000000	1680.720000	-2.884677	-0.001743	0.070914	-0.024583
0.000000	1700.000000	5000.000000	1680.720000	-2.894890	-0.001749	0.071162	-0.024582
0.000000	1700.000000	5000.000000	1680.720000	-2.880645	-0.001741	0.070814	-0.024583
0.000000	1700.000000	5000.000000	1680.720000	-2.875056	-0.001738	0.070679	-0.024584
0.000000	1700.000000	5000.000000	1680.720000	-2.873780	-0.001737	0.070648	-0.024584
0.000000	1700.000000	5000.000000	1680.720000	-2.878624	-0.001740	0.070773	-0.024586
0.000000	1700.000000	5000.000000	1680.720000	-2.924184	-0.001767	0.071879	-0.024581
0.000000	1700.000000	5000.000000	1680.720000	-2.916546	-0.001762	0.071695	-0.024582
0.000000	1700.000000	5000.000000	1680.720000	-2.892086	-0.001748	0.071100	-0.024584
0.000000	1700.000000	5000.000000	1680.720000	-2.891765	-0.001748	0.071093	-0.024585
0.000000	1700.000000	5000.000000	1680.720000	-2.861217	-0.001730	0.070353	-0.024588
0.000000	1700.000000	5000.000000	1680.720000	-2.906106	-0.001756	0.071443	-0.024584
0.000000	1700.000000	5000.000000	1680.720000	-2.912329	-0.001760	0.071596	-0.024584
0.000000	1700.000000	5000.000000	1680.720000	-2.942832	-0.001778	0.072332	-0.024579
0.000000	1700.000000	5000.000000	1680.720000	-2.918432	-0.001764	0.071742	-0.024582
0.000000	1700.000000	5000.000000	1680.720000	-2.931040	-0.001771	0.072048	-0.024581
0.000000	1700.000000	5000.000000	1680.720000	-2.915809	-0.001762	0.071681	-0.024584
0.000000	1700.000000	5000.000000	1680.720000	-2.916750	-0.001763	0.071704	-0.024583
0.000000	1700.000000	5000.000000	1680.720000	-2.959587	-0.001788	0.072736	-0.024576
0.000000	1700.000000	5000.000000	1680.720000	-2.944535	-0.001779	0.072369	-0.024578
0.000000	1700.000000	5000.000000	1680.720000	-2.952053	-0.001783	0.072553	-0.024577
0.000000	1700.000000	5000.000000	1680.720000	-2.931921	-0.001772	0.072074	-0.024582
0.000000	1700.000000	5000.000000	1680.720000	-2.961959	-0.001789	0.072802	-0.024579
0.000000	1700.000000	5000.000000	1680.720000	-3.020576	-0.001824	0.074222	-0.024572
0.000000	1700.000000	5000.000000	1680.720000	-3.020586	-0.001824	0.074220	-0.024571
0.000000	1700.000000	5000.000000	1680.720000	-3.019689	-0.001823	0.074198	-0.024571
0.000000	1700.000000	5000.000000	1680.720000	-3.003875	-0.001814	0.073819	-0.024575
0.000000	1700.000000	5000.000000	1680.720000	-2.959058	-0.001788	0.072735	-0.024580
0.000000	1700.000000	5000.000000	1680.720000	-2.965448	-0.001791	0.072887	-0.024579
0.000000	1700.000000	5000.000000	1680.720000	-2.971754	-0.001795	0.073046	-0.024580
0.000000	1700.000000	5000.000000	1680.720000	-2.974175	-0.001797	0.073106	-0.024580
0.000000	1700.000000	5000.000000	1680.720000	-2.947545	-0.001781	0.072463	-0.024584
0.000000	1700.000000	5000.000000	1680.720000	-2.962367	-0.001790	0.072827	-0.024584
0.000000	1700.000000	5000.000000	1680.720000	-2.962358	-0.001790	0.072826	-0.024584
0.000000	1700.000000	5000.000000	1680.720000	-2.970002	-0.001795	0.073007	-0.024582
0.000000	1700.000000	5000.000000	1680.720000	-2.971245	-0.001795	0.073038	-0.024582
0.000000	1700.000000	5000.000000	1680.720000	-2.941362	-0.001778	0.072318	-0.024587
0.000000	1700.000000	5000.000000	1680.720000	-2.958317	-0.001788	0.072737	-0.024587
0.000000	1700.000000	5000.000000	1680.720000	-2.954499	-0.001786	0.072646	-0.024588
0.000000	1700.000000	5000.000000	1680.720000	-2.959609	-0.001789	0.072766	-0.024586
0.000000	1700.000000	5000.000000	1680.720000	-2.959632	-0.001789	0.072766	-0.024586
0.000000	1700.000000	5000.000000	1680.720000	-2.971917	-0.001796	0.073068	-0.024586
0.000000	1700.000000	5000.000000	1680.720000	-2.937927	-0.001777	0.072249	-0.024592
0.000000	1700.000000	5000.000000	1680.720000	-2.935140	-0.001775	0.072180	-0.024592
0.000000	1700.000000	5000.000000	1680.720000	-2.892555	-0.001750	0.071143	-0.024595
0.000000	1700.000000	5000.000000	1680.720000	-2.892551	-0.001750	0.071143	-0.024595
0.000000	1700.000000	5000.000000	1680.720000	-2.910608	-0.001760	0.071583	-0.024594
0.000000	1700.000000	5000.000000	1680.720000	-2.927877	-0.001771	0.072006	-0.024593
0.000000	1700.000000	5000.000000	1680.720000	-2.922840	-0.001768	0.071883	-0.024594
0.000000	1700.000000	5000.000000	1680.720000	-2.896345	-0.001752	0.071236	-0.024595
0.000000	1700.000000	5000.000000	1680.720000	-2.896366	-0.001752	0.071237	-0.024595
0.000000	1700.000000	5000.000000	1680.720000	-2.876391	-0.001740	0.070748	-0.024596
0.000000	1700.000000	5000.000000	1680.720000	-2.850451	-0.001725	0.070119	-0.024599
0.000000	1700.000000	5000.000000	1680.720000	-2.853319	-0.001727	0.070190	-0.024599
0.000000	1700.000000	5000.000000	1680.720000	-2.819221	-0.001707	0.069363	-0.024603
0.000000	1700.000000	5000.000000	1680.720000	-2.819236	-0.001707	0.069363	-0.024603
0.000000	1700.000000	5000.000000	1680.720000	-2.836225	-0.001716	0.069766	-0.024598
0.000000	1700.000000	5000.000000	1680.720000	-2.825746	-0.001710	0.069513	-0.024600
0.000000	1700.000000	5000.000000	1680.720000	-2.827916	-0.001711	0.069568	-0.024601
0.000000	1700.000000	5000.000000	1680.720000	-2.847331	-0.001723	0.070043	-0.024599
0.000000	1700.000000	5000.000000	1680.720000	-2.846388	-0.001722	0.070020	-0.024599
0.000000	1700.000000	5000.000000	1680.720000	-2.846181	-0.001723	0.070020	-0.024601
0.000000	1700.000000	5000.000000	1680.720000	-2.879881	-0.001743	0.070842	-0.024599
0.000000	1700.000000	5000.000000	1680.720000	-2.877003	-0.001741	0.070772	-0.024599
0.000000	1700.000000	5000.000000	1680.720000	-2.892654	-0.001750	0.071143	-0.024594
0.000000	1700.000000	5000.000000	1680.720000	-2.892333	-0.001750	0.071135	-0.024594
0.000000	1700.000000	5000.000000	1680.720000	-2.906542	-0.001758	0.071482	-0.024594
0.000000	1700.000000	5000.000000	1680.720000	-2.948738	-0.001783	0.072501	-0.024587
0.000000	1700.000000	5000.000000	1680.720000	-2.947217	-0.001782	0.072463	-0.024587
0.000000	1700.000000	5000.000000	1680.720000	-2.909503	-0.001760	0.071552	-0.024592
0.000000	1700.000000	5000.000000	1680.720000	-2.912400	-0.001761	0.071620	-0.024591
0.000000	1700.000000	5000.000000	1680.720000	-2.914912	-0.001763	0.071682	-0.024591
0.000000	1700.000000	5000.000000	1680.720000	-2.903477	-0.001756	0.071405	-0.024593
0.000000	1700.000000	5000.000000	1680.720000	-2.903237	-0.001756	0.071405	-0.024595
0.000000	1700.000000	5000.000000	1680.720000	-2.903232	-0.001756	0.071406	-0.024595
0.000000	1700.000000	5000.000000	1680.720000	-2.890516	-0.001749	0.071097	-0.024597
0.000000	1700.000000	5000.000000	1680.720000	-2.865740	-0.001734	0.070499	-0.024601
0.000000	1700.000000	5000.000000	1680.720000	-2.845092	-0.001722	0.070004	-0.024605
0.000000	1700.000000	5000.000000	1680.720000	-2.852880	-0.001727	0.070193	-0.024604
0.000000	1700.000000	5000.000000	1680.720000	-2.891665	-0.001750	0.071130	-0.024598
0.000000	1700.000000	5000.000000	1680.720000	-2.886611	-0.001747	0.071006	-0.024599
0.000000	1700.000000	5000.000000	1680.720000	-2.895095	-0.001752	0.071214	-0.024598
0.000000	1700.000000	5000.000000	1680.720000	-2.956924	-0.001788	0.072710	-0.024590
0.000000	1700.000000	5000.000000	1680.720000	-2.938988	-0.001778	0.072285	-0.024595
0.000000	1700.000000	5000.000000	1680.720000	-2.885475	-0.001747	0.070991	-0.024603
0.000000	1700.000000	5000.000000	1680.720000	-2.912666	-0.001762	0.071647	-0.024598
0.000000	1700.000000	5000.000000	1680.720000	-2.935614	-0.001776	0.072199	-0.024594
0.000000	1700.000000	5000.000000	1680.720000	-2.958824	-0.001790	0.072769	-0.024594
0.000000	1700.000000	5000.000000	1680.720000	-2.991492	-0.001809	0.073562	-0.024590
0.000000	1700.000000	5000.000000	1680.720000	-3.004025	-0.001816	0.073860	-0.024587
0.000000	1700.000000	5000.000000	1680.720000	-2.993260	-0.001810	0.073599	-0.024588
0.000000	1700.000000	5000.000000	1680.720000	-2.990012	-0.001808	0.073518	-0.024588
0.000000	1700.000000	5000.000000	1680.720000	-2.944815	-0.001781	0.072429	-0.024596
0.000000	1700.000000	5000.000000	1680.720000	-2.951814	-0.001786	0.072604	-0.024596
0.000000	1700.000000	5000.000000	1680.720000	-2.958360	-0.001790	0.072762	-0.024596
0.000000	1700.000000	5000.000000	1680.720000	-2.948204	-0.001784	0.072513	-0.024596
0.000000	1700.000000	5000.000000	1680.720000	-2.933207	-0.001775	0.072147	-0.024597
0.000000	1700.000000	5000.000000	1680.720000	-2.977903	-0.001801	0.073229	-0.024591
0.000000	1700.000000	5000.000000	1680.720000	-2.983777	-0.001804	0.073359	-0.024586
0.000000	1700.000000	5000.000000	1680.720000	-2.986194	-0.001805	0.073419	-0.024586
0.000000	1700.000000	5000.000000	1680.720000	-3.003315	-0.001815	0.073840	-0.024586
0.000000	1700.000000	5000.000000	1680.720000	-2.994976	-0.001811	0.073637	-0.024587
0.000000	1700.000000	5000.000000	1680.720000	-3.038001	-0.001836	0.074677	-0.024581
0.000000	1700.000000	5000.000000	1680.720000	-3.055931	-0.001846	0.075098	-0.024575
0.000000	1700.000000	5000.000000	1680.720000	-3.063498	-0.001850	0.075282	-0.024574
0.000000	1700.000000	5000.000000	1680.720000	-3.057208	-0.001846	0.075129	-0.024574
0.000000	1700.000000	5000.000000	1680.720000	-3.050539	-0.001842	0.074960	-0.024573
0.000000	1700.000000	5000.000000	1680.720000	-3.052959	-0.001843	0.075019	-0.024572
0.000000	1700.000000	5000.000000	1680.720000	-3.054491	-0.001844	0.075055	-0.024572
0.000000	1700.000000	5000.000000	1680.720000	-3.054807	-0.001844	0.075063	-0.024572
0.000000	1700.000000	5000.000000	1680.720000	-3.076812	-0.001857	0.075589	-0.024567
0.000000	1700.000000	5000.000000	1680.720000	-3.092330	-0.001866	0.075967	-0.024566
0.000000	1700.000000	5000.000000	1680.720000	-3.089058	-0.001864	0.075888	-0.024567
0.000000	1700.000000	5000.000000	1680.720000	-3.057190	-0.001846	0.075121	-0.024572
0.000000	1700.000000	5000.000000	1680.720000	-3.057211	-0.001846	0.075121	-0.024572
0.000000	1700.000000	5000.000000	1680.720000	-3.078992	-0.001859	0.075647	-0.024569
0.000000	1700.000000	5000.000000	1680.720000	-3.129245	-0.001888	0.076862	-0.024563
0.000000	1700.000000	5000.000000	1680.720000	-3.132736	-0.001890	0.076948	-0.024563
0.000000	1700.000000	5000.000000	1680.720000	-3.094313	-0.001868	0.076025	-0.024569
0.000000	1700.000000	5000.000000	1680.720000	-3.113724	-0.001879	0.076496	-0.024567
0.000000	1700.000000	5000.000000	1680.720000	-3.142186	-0.001896	0.077183	-0.024563
0.000000	1700.000000	5000.000000	1680.720000	-3.191729	-0.001925	0.078375	-0.024556
0.000000	1700.000000	5000.000000	1680.720000	-3.160978	-0.001907	0.077634	-0.024560
0.000000	1700.000000	5000.000000	1680.720000	-3.105073	-0.001874	0.076279	-0.024566
0.000000	1700.000000	5000.000000	1680.720000	-3.098823	-0.001870	0.076128	-0.024567
0.000000	1700.000000	5000.000000	1680.720000	-3.109346	-0.001876	0.076380	-0.024565
0.000000	1700.000000	5000.000000	1680.720000	-3.114114	-0.001879	0.076490	-0.024562
0.000000	1700.000000	5000.000000	1680.720000	-3.114099	-0.001879	0.076489	-0.024562
0.000000	1700.000000	5000.000000	1680.720000	-3.146030	-0.001898	0.077264	-0.024559
0.000000	1700.000000	5000.000000	1680.720000	-3.139035	-0.001893	0.077093	-0.024559
0.000000	1700.000000	5000.000000	1680.720000	-3.155755	-0.001903	0.077485	-0.024553
0.000000	1700.000000	5000.000000	1680.720000	-3.164211	-0.001907	0.077685	-0.024551
0.000000	1700.000000	5000.000000	1680.720000	-3.124758	-0.001884	0.076734	-0.024557
0.000000	1700.000000	5000.000000	1680.720000	-3.159412	-0.001905	0.077571	-0.024552
0.000000	1700.000000	5000.000000	1680.720000	-3.152881	-0.001901	0.077422	-0.024556
0.000000	1700.000000	5000.000000	1680.720000	-3.181304	-0.001917	0.078101	-0.024550
0.000000	1700.000000	5000.000000	1680.720000	-3.167471	-0.001909	0.077762	-0.024550
0.000000	1700.000000	5000.000000	1680.720000	-3.159118	-0.001904	0.077562	-0.024552
0.000000	1700.000000	5000.000000	1680.720000	-3.200210	-0.001928	0.078552	-0.024546
0.000000	1700.000000	5000.000000	1680.720000	-3.249452	-0.001957	0.079745	-0.024541
0.000000	1700.000000	5000.000000	1680.720000	-3.263207	-0.001965	0.080075	-0.024539
0.000000	1700.000000	5000.000000	1680.720000	-3.228904	-0.001945	0.079246	-0.024543
0.000000	1700.000000	5000.000000	1680.720000	-3.228909	-0.001945	0.079245	-0.024542
0.000000	1700.000000	5000.000000	1680.720000	-3.272978	-0.001970	0.080304	-0.024535
0.000000	1700.000000	5000.000000	1680.720000	-3.272824	-0.001970	0.080304	-0.024537
0.000000	1700.000000	5000.000000	1680.720000	-3.279932	-0.001975	0.080476	-0.024536
0.000000	1700.000000	5000.000000	1680.720000	-3.245795	-0.001955	0.079651	-0.024540
0.000000	1700.000000	5000.000000	1680.720000	-3.256015	-0.001961	0.079898	-0.024538
0.000000	1700.000000	5000.000000	1680.720000	-3.276605	-0.001972	0.080392	-0.024535
0.000000	1700.000000	5000.000000	1680.720000	-3.273190	-0.001970	0.080309	-0.024535
0.000000	1700.000000	5000.000000	1680.720000	-3.284973	-0.001977	0.080582	-0.024530
0.000000	1700.000000	5000.000000	1680.720000	-3.275847	-0.001972	0.080365	-0.024532
0.000000	1700.000000	5000.000000	1680.720000	-3.267770	-0.001967	0.080173	-0.024534
0.000000	1700.000000	5000.000000	1680.720000	-3.263345	-0.001964	0.080063	-0.024534
0.000000	1700.000000	5000.000000	1680.720000	-3.259025	-0.001962	0.079959	-0.024535
0.000000	1700.000000	5000.000000	1680.720000	-3.293167	-0.001982	0.080780	-0.024530
0.000000	1700.000000	5000.000000	1680.720000	-3.305602	-0.001989	0.081083	-0.024529
0.000000	1700.000000	5000.000000	1680.720000	-3.294121	-0.001982	0.080809	-0.024531
0.000000	1700.000000	5000.000000	1680.720000	-3.292258	-0.001981	0.080762	-0.024531
0.000000	1700.000000	5000.000000	1680.720000	-3.308516	-0.001990	0.081150	-0.024528
0.000000	1700.000000	5000.000000	1680.720000	-3.315314	-0.001994	0.081312	-0.024526
0.000000	1700.000000	5000.000000	1680.720000	-3.322093	-0.001998	0.081470	-0.024524
0.000000	1700.000000	5000.000000	1680.720000	-3.274719	-0.001970	0.080324	-0.024529
0.000000	1700.000000	5000.000000	1680.720000	-3.284108	-0.001976	0.080550	-0.024527
0.000000	1700.000000	5000.000000	1680.720000	-3.268416	-0.001967	0.080174	-0.024530
0.000000	1700.000000	5000.000000	1680.720000	-3.291179	-0.001980	0.080728	-0.024529
0.000000	1700.000000	5000.000000	1680.720000	-3.325083	-0.002000	0.081545	-0.024524
0.000000	1700.000000	5000.000000	1680.720000	-3.287399	-0.001978	0.080639	-0.024530
0.000000	1700.000000	5000.000000	1680.720000	-3.300328	-0.001985	0.080946	-0.024527
0.000000	1700.000000	5000.000000	1680.720000	-3.294448	-0.001982	0.080802	-0.024527
0.000000	1700.000000	5000.000000	1680.720000	-3.291844	-0.001980	0.080741	-0.024528
0.000000	1700.000000	5000.000000	1680.720000	-3.323138	-0.001999	0.081503	-0.024526
0.000000	1700.000000	5000.000000	1680.720000	-3.325604	-0.002000	0.081563	-0.024526
0.000000	1700.000000	5000.000000	1680.720000	-3.288906	-0.001978	0.080666	-0.024527
0.000000	1700.000000	5000.000000	1680.720000	-3.339584	-0.002008	0.081887	-0.024520
0.000000	1700.000000	5000.000000	1680.720000	-3.339647	-0.002008	0.081887	-0.024520
0.000000	1700.000000	5000.000000	1680.720000	-3.342995	-0.002010	0.081969	-0.024520
0.000000	1700.000000	5000.000000	1680.720000	-3.321306	-0.001997	0.081448	-0.024523
0.000000	1700.000000	5000.000000	1680.720000	-3.342245	-0.002010	0.081953	-0.024520
0.000000	1700.000000	5000.000000	1680.720000	-3.348362	-0.002013	0.082108	-0.024522
0.000000	1700.000000	5000.000000	1680.720000	-3.349478	-0.002014	0.082135	-0.024522
0.000000	1700.000000	5000.000000	1680.720000	-3.340730	-0.002009	0.081920	-0.024522
0.000000	1700.000000	5000.000000	1680.720000	-3.286579	-0.001977	0.080616	-0.024529
0.000000	1700.000000	5000.000000	1680.720000	-3.313637	-0.001993	0.081269	-0.024526
0.000000	1700.000000	5000.000000	1680.720000	-3.353558	-0.002017	0.082234	-0.024522
0.000000	1700.000000	5000.000000	1680.720000	-3.324244	-0.002000	0.081529	-0.024525
0.000000	1700.000000	5000.000000	1680.720000	-3.302260	-0.001987	0.081006	-0.024530
0.000000	1700.000000	5000.000000	1680.720000	-3.274558	-0.001971	0.080330	-0.024532
0.000000	1700.000000	5000.000000	1680.720000	-3.274744	-0.001970	0.080328	-0.024529
0.000000	1700.000000	5000.000000	1680.720000	-3.265188	-0.001965	0.080101	-0.024532
0.000000	1700.000000	5000.000000	1680.720000	-3.265178	-0.001965	0.080101	-0.024532
0.000000	1700.000000	5000.000000	1680.720000	-3.265004	-0.001965	0.080100	-0.024533
0.000000	1700.000000	5000.000000	1680.720000	-3.265016	-0.001965	0.080100	-0.024533
0.000000	1700.000000	5000.000000	1680.720000	-3.226454	-0.001943	0.079167	-0.024537
0.000000	1700.000000	5000.000000	1680.720000	-3.233315	-0.001947	0.079335	-0.024537
0.000000	1700.000000	5000.000000	1680.720000	-3.231271	-0.001945	0.079286	-0.024537
0.000000	1700.000000	5000.000000	1680.720000	-3.253991	-0.001959	0.079839	-0.024536
0.000000	1700.000000	5000.000000	1680.720000	-3.212931	-0.001935	0.078847	-0.024541
0.000000	1700.000000	5000.000000	1680.720000	-3.217832	-0.001938	0.078978	-0.024544
